10000
8011 625 8387 7289 7621 9708 13 6947 2422 3982 3423 7811 639 7054 5159 4947 175 894 9439 8068 
2126 2618 7231 8272 8775 2622 8623 2651 8240 2852 9446 1224 5623 6441 8964 9928 3243 4017 7064 909 
803 4689 223 8636 5183 7035 5994 593 8169 8071 7082 9580 5943 3004 8619 2890 9169 7214 6698 9983 
4649 6017 9812 8686 8283 4491 8733 2523 2979 1496 9306 6759 6934 3335 1243 5403 9678 1170 9176 4720 
181 171 3159 1035 6813 8161 5976 6358 1961 994 3693 2857 4172 3946 2857 2680 6172 6666 7459 3622 
2546 4756 9415 6791 1601 2851 1769 6803 129 4839 6455 7814 3703 7277 4939 7556 5155 4398 3337 4650 
3701 2446 491 7887 7788 6836 9095 3162 733 4554 985 9117 3356 9210 9106 9615 4714 8360 429 2312 
188 1295 3562 3893 7507 3523 9705 7851 669 9398 1028 8088 8760 2134 313 997 5374 3171 19 4488 
8818 7150 2356 1125 8757 3693 8929 6260 3060 8380 8266 47 530 4669 7524 946 2718 608 885 9973 
833 5565 5628 3349 1782 2654 6026 3662 4838 5818 6113 9349 3503 1868 4695 3377 4768 98 9462 8810 
2835 6401 756 8474 1640 5686 6314 3953 5114 9736 1444 36 5617 2473 6980 5957 7699 8250 370 9197 
423 5518 2708 2566 5160 8519 630 486 6066 4909 7639 8693 4428 8333 5280 4751 5602 1902 9953 7605 
5085 527 1081 190 2961 2811 7457 5356 1140 7423 1606 8473 7974 9682 9970 1839 8385 2947 2662 9254 
4574 6097 4470 2105 3729 3155 3169 4082 9539 2408 3947 548 6922 5640 5289 9543 1415 4746 6376 3309 
9755 607 4778 1203 183 5755 718 2820 4590 6468 5482 87 2489 850 6136 1433 9352 2135 3819 4757 
6176 4360 1485 4848 2933 8729 2678 2577 8933 1543 4907 9341 7070 5567 4880 6545 3389 4604 619 4792 
7748 5774 1943 9629 2375 1621 6353 9226 4612 6668 9603 7054 7932 3155 5259 8878 5266 805 8759 7698 
3439 3833 1551 6800 9120 8547 9166 4806 1661 2810 687 1616 5798 6885 4624 7146 5340 5582 2229 3696 
2585 5624 2844 9569 3549 1597 8857 833 4310 9936 7982 5149 4955 5490 5400 4202 6965 6912 5944 4806 
8778 6057 1324 2336 6968 2269 234 6612 5467 512 3160 286 8763 5902 3723 6704 2836 2713 4267 127 
4675 5838 3183 2359 426 4982 7258 8014 6769 8488 5217 6006 8314 475 5847 1644 8238 1066 2184 1710 
8552 4352 8622 2202 4894 6018 8227 9953 2072 9804 708 4954 6127 1187 462 9475 131 5754 4905 722 
8328 7681 5821 745 2686 5911 8388 1768 5884 720 4238 1004 8041 1873 2779 518 4070 8440 8105 9383 
4811 5545 4986 8679 5613 4435 6992 4213 9480 7474 4328 4104 3999 6653 9937 5027 1133 7263 5735 7863 
2759 9011 4225 6979 1744 5960 563 3255 5240 5892 8976 3510 1586 6565 8703 9562 7889 6514 8857 9601 
3342 4561 7933 3076 4184 3153 7616 6585 2057 2215 8148 3070 353 71 9636 9830 2930 2488 7049 6865 
2487 6282 3148 3027 7729 7891 7001 8486 9135 7156 8044 2923 6585 1931 7770 7580 521 8946 575 541 
7127 5284 7759 1537 4896 5520 5179 6889 306 1446 4531 6551 3863 9022 3426 2913 8187 5704 8618 5441 
923 9822 5949 136 1852 725 1157 1379 3861 7587 2353 726 5163 2714 6764 6644 5527 4994 6683 9505 
4389 6373 3955 1839 6748 788 4197 1924 5061 8071 5719 349 8937 2466 1440 5259 8844 2195 8608 9724 
9824 4567 5850 6565 472 1932 9679 8011 26 6257 2487 145 2639 1802 5822 9083 7226 5376 7290 7888 
6722 6693 5989 7247 8526 565 9083 7945 12 632 2400 2300 9279 9636 8303 6575 8275 9151 7147 1945 
7341 242 3892 7901 5443 3480 2617 2880 8005 5830 3220 9434 7767 3110 8006 9162 5005 4219 8271 5892 
466 1753 6506 310 1796 5004 6211 1209 4575 6934 4758 8915 1188 2023 4853 5033 182 3076 5414 8065 
8338 7834 8967 5285 5144 2140 9023 804 7018 6569 5234 1106 6991 6473 4320 3440 5797 3157 1354 7575 
3121 2614 1522 3389 6804 5781 7215 3802 5068 4722 1898 1556 8019 9969 3160 7286 3225 2622 1427 5727 
4777 3585 2423 3575 6826 140 9783 140 7204 2178 3241 2699 4109 2210 661 8123 7007 9344 5061 690 
2008 7797 8553 1131 5278 9821 2122 1935 5181 8078 3368 9424 3118 4232 6995 9733 9061 808 5218 6719 
1143 4454 9812 5963 8086 9663 2881 6224 1419 1901 139 6328 9247 9793 4390 283 4966 4131 6977 4710 
6824 9152 3601 4059 4973 2003 329 2002 4981 6606 7159 9885 4849 2903 926 9946 7137 7104 1835 3073 
7691 6574 9110 5629 9381 9067 6023 9320 6175 6679 4578 190 9456 2458 5905 8436 6827 1412 3117 3105 
6445 3925 5369 4442 9030 9496 1995 1516 9378 8554 5719 7906 7651 9001 2809 2567 6333 3079 9679 6053 
3806 2910 5585 4028 7191 2941 8670 5838 4587 8576 8660 7815 499 2927 3243 6201 6923 7917 4047 9446 
1677 7360 6585 4311 2888 2656 1801 9881 3932 7464 3745 9095 4965 6890 8257 5314 6690 2671 394 6158 
1569 8508 2673 422 1080 3872 9779 3696 3554 3802 1103 9434 7573 839 6613 388 1468 1817 4889 583 
8982 9651 1907 1683 3914 3120 3174 9846 5140 6788 2123 4136 5825 9322 7657 8692 5203 2541 211 3345 
9873 2754 2223 7679 2350 4882 2222 6876 8693 8694 3101 4406 4990 4251 2215 9867 3599 7973 8948 6492 
3346 4927 4979 7424 7007 2224 3775 8948 4342 1049 801 7889 6395 2427 9106 1718 6142 3062 9482 1428 
8981 909 2858 5225 2281 6645 4866 1363 3978 571 752 8230 6128 8997 2743 6985 3391 1920 8888 7771 
8534 2361 5119 3811 3348 7656 124 3477 8775 1239 9372 7072 9090 8544 2851 9652 3226 6452 9689 9585 
6926 7768 9838 9690 7009 7241 1419 7320 6550 8480 9559 8348 9334 7361 8130 3788 4928 8029 5313 4175 
6174 184 7047 8708 5167 7893 7405 2139 6567 1085 1390 3735 8752 446 4113 8667 6442 4656 1011 98 
5494 2195 9456 5323 5355 6564 2590 8129 8291 5678 9686 2248 390 189 3536 4739 3841 3966 6251 2195 
4274 1891 1686 9626 3074 275 2285 2254 799 4285 7123 184 101 9884 5080 3356 5033 8982 2423 3123 
5714 3615 1151 565 1188 859 5212 7554 5386 1457 3489 6223 7375 9435 5668 6558 2121 5897 5543 5061 
3011 2165 3822 5089 1302 7041 8882 3236 8195 1981 7473 4617 6895 9012 2159 9224 316 4774 9341 3733 
9984 2577 4852 5123 3379 7848 4110 7622 4746 6054 4690 4886 4923 4907 8090 9631 2445 4933 8770 8182 
3102 3690 5231 502 9024 4194 5962 9543 1921 3633 7288 1344 1461 9826 4967 3812 6434 3599 6359 2424 
4744 2956 1858 8580 2235 9988 4714 2136 2830 2732 6893 278 2286 6419 6647 61 4280 8923 3893 8214 
4712 3553 7569 1431 3311 5639 1167 149 6256 9811 9171 3222 8599 9889 9692 5364 8326 8804 881 2206 
3358 6361 3863 8168 2918 5452 7148 483 6859 7700 8195 2520 261 3097 4668 2941 8545 3190 9183 7546 
7088 8649 2485 789 6235 3656 5107 9529 2561 2302 9460 21 1519 6018 6722 1105 7867 4120 801 348 
9325 2945 5752 2208 9403 6686 9469 3735 2639 1490 9723 8871 3671 1013 3026 7337 6600 5716 3100 4103 
5712 2214 3736 6403 5927 1354 7076 1556 4801 6284 1451 971 2003 358 8441 4181 3967 2499 6519 8681 
4910 3407 1656 3089 9816 650 2015 8213 7331 59 1610 7554 6086 5681 8127 7914 8297 2501 129 7941 
2459 363 7119 8502 9119 9351 2489 4776 2820 2237 2784 7351 2160 689 665 1307 9656 1116 6238 6078 
879 2464 6434 6991 8312 2771 1310 6383 3081 6183 4700 6617 1326 9962 2191 3871 8807 9305 7981 4879 
8784 783 3227 7988 635 9196 8851 1225 427 2561 2292 7624 7551 9207 9894 3457 7418 7519 9785 2646 
1035 9428 2521 7763 8638 3340 6528 5259 5262 4414 6680 3437 7157 1374 6123 2022 7537 1140 7225 4383 
7925 410 6885 7239 5017 8100 8621 9132 5439 1609 324 1875 2196 9184 3917 5111 6974 9350 9654 3950 
8536 9899 3519 3926 3223 6077 4261 7423 6392 5773 9152 4642 8217 1181 6789 1327 9184 5322 6968 7573 
7100 4535 9091 5961 3734 8719 8043 2154 835 9644 8213 8923 8249 453 8165 5583 8667 3665 9518 8275 
83 3307 8443 1349 12 8430 6488 9699 5321 3647 7662 3150 2484 858 2473 3710 8039 9925 3416 4078 
8561 2753 1217 8615 4805 7342 5790 3803 7909 1854 7912 3880 4087 3762 2046 909 1521 1232 1954 2088 
5830 1990 9968 1645 7837 9368 1884 7268 2154 3350 7335 8073 5883 5257 4093 1415 6545 4924 1567 6382 
2409 3287 616 5136 1030 806 5630 3980 9869 3624 6710 9026 2989 4467 6852 166 2536 8517 9198 1903 
2851 6710 8428 175 4822 1305 4047 2252 8864 6753 3419 4333 4890 5888 6514 6817 8278 9707 8222 3784 
3108 8585 1194 2437 8208 4426 6013 3499 6908 916 885 6357 8470 4905 1740 7778 3397 1925 2458 9005 
3733 3939 7558 9354 9773 4254 3418 6045 4825 9205 3394 5573 2073 2856 1696 7765 853 687 3680 3570 
5259 2362 8179 3016 9223 4867 5866 5992 5966 4448 4129 8636 8614 260 4165 8716 7045 3653 4355 3272 
8645 8568 8687 1669 7553 5352 9902 405 8175 8886 2976 8031 8810 8155 413 1501 7786 3672 2891 1412 
4498 3614 5209 8431 2935 9530 2204 1380 4232 3048 8995 7448 3341 5736 8744 1326 4592 2894 2950 2858 
1026 6659 6114 6420 6684 7465 3575 7352 244 8780 9298 9867 7784 7252 1735 8040 4906 7015 6141 3175 
3687 2748 2845 2863 5125 7945 7634 7091 5753 7646 2205 2408 9059 3114 217 7351 2199 9595 8373 7773 
968 8836 2387 511 6850 7414 493 6619 8612 1345 47 634 1513 3780 644 194 9234 2624 1232 7752 
4225 922 8903 467 5220 1328 9673 7851 9916 9219 8939 2607 3258 9298 6851 3078 3973 8663 4976 3358 
1434 3995 9939 3873 2736 5412 1182 3685 5718 8751 3383 626 8588 4249 4984 8926 2443 5815 8471 3604 
706 6229 4685 7780 3918 4987 9558 6067 1429 9116 7300 4163 4575 8440 2575 8014 4465 3586 4541 6300 
1031 3211 3882 3940 253 3133 8916 3454 1515 1396 3654 3239 6747 7270 3743 4782 4536 9348 2606 3371 
1125 6056 3453 6207 1910 9598 727 8375 8143 6543 4294 8186 8040 3017 8477 8562 5145 9850 223 5687 
8440 6091 5115 9047 2652 1866 501 8162 7644 4143 4721 7505 330 2288 6270 5926 6661 1040 3949 4063 
2351 3266 1309 5812 1021 5227 1509 4544 884 9893 1021 5197 150 9872 8265 9736 6536 2132 6354 6355 
5807 7761 787 4793 5575 9895 6333 4876 1792 9922 9495 2634 2949 2621 2502 8190 9898 6391 9749 1347 
913 130 8017 2932 7945 2984 2228 8926 8148 4248 1164 1335 3012 2191 4311 2567 2657 1090 589 5396 
1753 2263 473 6813 5652 9908 261 2700 403 2383 9826 4766 485 6164 5041 4431 7526 6469 5377 3662 
9652 6348 4149 784 3455 5771 2625 3040 7516 9173 8769 4132 3622 4181 6982 1450 9474 9660 6814 3538 
781 6008 7535 5781 6884 8576 3455 2883 2975 380 7331 9739 6171 6273 1842 2739 6276 4619 6774 823 
507 4818 6846 5358 5801 8063 9907 536 5424 3000 4677 4355 9818 407 8288 1517 6913 2953 7569 9940 
4762 4322 2895 7865 4527 5757 1960 8035 5927 2657 2377 2656 3315 592 857 3110 2472 2809 9442 8216 
9605 2205 9469 3396 608 6575 5674 7177 6865 9748 7929 7318 8858 2841 9624 2989 5249 8116 8665 7238 
4716 7491 1406 8080 9384 7137 7764 8530 6550 9015 5466 816 5331 8879 8684 6601 8210 4931 2912 8333 
1512 5092 556 2636 9875 6807 5570 7290 5624 6953 7658 5374 2056 6772 9658 5017 3214 6777 8580 9652 
279 109 4396 1795 4110 2161 117 4022 8580 57 6199 7837 1113 8862 6766 2267 9097 4222 2546 8916 
5062 3793 7935 5488 3997 3111 7840 2658 8712 7853 7581 1009 8800 3839 5198 2421 3772 5015 8955 6910 
586 1235 5410 254 969 6277 7171 311 7217 8788 4843 5455 3263 3071 2428 2016 7585 7602 7285 4652 
9114 7281 131 2845 6755 8769 932 5259 159 5958 6419 5542 8216 9943 9397 4691 5467 5934 5199 1876 
333 731 898 5728 3545 7000 2740 5682 5623 2007 6700 7036 2314 3032 2954 5676 1654 3015 2273 6199 
5851 8994 3409 9346 5059 3016 533 5968 9140 7724 6806 4246 5123 4313 7706 1850 6118 2256 3581 9033 
7075 4028 3546 9047 5050 3079 8550 5410 7435 3397 1865 6479 7046 2510 3817 4246 4382 57 3845 538 
456 3540 524 1408 6326 1377 9815 6913 9370 4906 4937 9034 6121 8532 1858 6897 8863 3185 6522 8274 
4792 1423 768 5127 5570 5567 143 5014 9725 9360 2570 7220 4379 570 9108 1191 3530 6982 8494 8346 
8267 5146 6654 297 2254 915 3752 3148 8556 347 5404 2657 3584 6858 332 1394 8243 3960 7959 1189 
1092 3344 7479 8914 4960 7376 8004 7391 2851 6494 5475 3239 7227 2165 8990 6186 9028 1021 8321 3646 
7830 6968 9630 9939 1064 9192 1438 3027 2319 9214 6197 8008 1527 3581 6272 7368 8588 1757 8926 9100 
7093 4876 8632 3006 9054 3406 8287 9745 9393 133 3392 7338 2961 2317 662 1291 3954 9278 2012 9121 
5304 3700 9933 6307 3066 8859 2154 7163 3490 7603 6743 1505 3509 2723 9539 1891 9417 8426 6723 7089 
3192 7457 3610 8932 9056 9437 1366 6991 1876 3456 3785 4205 9362 8559 1826 8506 6721 4718 1529 5326 
23 6375 4052 5524 7333 985 5656 1976 2784 2685 959 9551 3133 8036 6914 6465 8824 7453 1843 7361 
8272 4322 3546 3405 8083 7058 6874 5200 5361 8730 7359 5829 1679 6636 2823 5383 4683 3361 5338 2995 
8375 7690 8391 7471 5636 8274 1932 1700 2284 2976 5809 8806 6204 1033 8242 9524 9580 626 4871 8779 
8861 7250 2466 1349 1470 4550 3749 2335 4874 2671 8429 3224 7697 4726 2287 8276 4738 5599 8237 8833 
2514 8667 9364 8770 8123 1911 7398 502 9524 5730 5375 7773 3097 4268 5782 8145 5383 8794 7938 7135 
7638 4215 6838 585 4675 5876 8314 1492 5337 5727 3864 7228 6796 81 192 4024 5921 1058 3720 9624 
5645 5319 4020 811 5673 1723 8542 93 271 4668 1970 6893 1523 5676 5288 1196 8433 6745 1582 1809 
447 4070 2177 9626 2174 2375 9273 5053 8611 2668 3983 5149 9596 2997 1211 488 5617 7460 8846 301 
7049 4383 6120 4331 2598 7668 295 4 9486 2008 606 848 6967 3928 6813 1550 878 705 2083 7541 
275 5834 3372 1881 3941 3391 1352 5898 2390 6281 7227 5526 8330 7496 8650 9534 2577 6354 3784 9685 
4943 4421 6381 9685 3445 5993 5024 9964 4605 6834 1361 9828 1063 4225 4710 2977 7307 9033 5391 483 
5338 4303 4920 1819 2182 218 7851 3289 7258 4826 6815 8932 1703 6662 7441 196 7437 45 9229 5833 
578 8622 3961 9358 3986 9891 3966 983 4803 1672 5668 2328 3283 7226 9625 7568 4912 8522 2862 8322 
7076 7504 6062 2772 1372 5805 8124 1504 1203 9033 488 4040 9279 2074 3725 2390 2872 1142 5930 8306 
9168 9840 2187 8700 3732 3662 7619 2233 7405 3771 2248 3883 2563 8696 7708 2025 6815 2270 5667 9022 
7819 6159 1126 861 5593 5194 2226 6226 8013 1708 5357 5827 967 2052 8616 9509 4929 7919 7818 9771 
7521 7554 5934 2009 43 8775 8666 456 9495 3422 6858 3186 7514 3412 3866 2572 8932 6417 1757 7524 
1077 7627 5564 4735 3980 5192 1470 9477 1054 7841 432 2345 4287 4579 5714 3360 5873 4511 4286 2819 
6678 8800 3381 656 771 8636 1880 3242 6067 2964 1712 6784 7716 3654 2506 8267 9635 2178 787 3825 
2271 3865 4875 7783 8284 1937 7369 6612 103 7029 2443 2368 4833 9 5096 6155 1658 7563 1701 4602 
5403 9174 880 3388 8623 7392 3468 5707 4879 3043 4921 4557 7801 5017 1311 2730 8284 2912 5943 8376 
4915 8381 1398 4787 3851 3181 5527 8664 7923 5462 6228 6176 431 300 9345 5034 1801 127 4069 5489 
853 722 1429 8237 9246 7894 3215 9669 5842 4325 9792 6546 1656 5867 3234 3342 6505 8799 7990 11 
4018 8207 474 5473 2868 745 1959 3151 8822 8198 6233 8675 9592 1184 4780 5444 1668 9877 63 9516 
7091 308 6040 5236 9946 5795 6340 1415 5087 4099 1353 3224 5483 6491 234 320 5790 6002 7654 943 
7706 1081 9885 1524 3293 1796 4608 1719 1134 2616 9140 9028 5315 2320 4802 6674 5261 6874 3599 2593 
5169 126 1715 7059 5315 5119 9848 2209 8337 5386 7617 4702 3433 4475 7492 4792 2552 639 3638 1946 
6368 7876 1121 8367 3301 7357 5764 1042 8709 1154 2327 4497 5602 4068 1962 159 749 9901 57 840 
288 3878 254 9391 6023 9282 6803 5908 812 3800 8850 5281 3359 2830 1131 2547 4718 9824 4337 678 
4342 4608 6273 1113 102 3544 9120 2337 8509 9515 1424 4266 1168 7593 6767 4103 5305 6401 7373 8554 
1438 97 8663 2704 8525 3112 1813 5732 7154 525 8412 227 6773 1737 4768 4271 9795 5231 6762 6429 
1287 3323 7858 7402 6260 1880 9066 5306 8657 2956 6230 7969 1810 2014 6075 6874 7552 7096 9043 4004 
7700 4855 4698 4925 6453 6031 3129 9975 6267 4492 1693 2679 1743 2275 6514 4380 6337 1286 9105 8076 
8277 695 2739 122 3820 9364 513 5556 1018 752 5194 7353 8441 1763 6592 7528 6074 2711 1967 4003 
6531 1363 5547 994 4217 5765 6037 2100 6187 2152 6089 6193 6824 278 6247 8251 2207 7510 9420 3698 
9345 3734 8685 1878 4485 7316 8800 551 40 966 4103 1305 8622 6346 8921 324 4778 3335 2126 199 
9429 4370 518 92 1646 573 3879 3271 4703 5497 4786 9896 6296 4973 1905 400 5547 2687 6335 8224 
7075 6574 2275 2892 7089 1858 8651 5775 3572 4220 5905 8568 8612 2935 3388 4626 1036 2896 9222 4498 
8386 6033 6693 9881 8148 1512 5545 5993 2784 4039 9313 3621 2943 8757 7978 8417 9248 1618 4788 5688 
1869 9031 5155 2364 8892 8796 3999 5623 948 9315 5752 1297 5818 2673 2763 7915 599 4973 1177 8391 
1879 481 7530 7403 81 4446 7565 3418 4030 7436 8970 7394 4104 6462 2807 1733 5920 8548 5747 1663 
5516 6842 4802 5030 235 6974 7318 7904 6758 2063 3078 5198 6918 2032 2734 8085 7340 4204 4898 3197 
8896 4068 9776 1859 5561 9540 193 4441 8389 7891 2284 4653 8839 5689 968 7607 5931 8379 8331 6076 
38 3793 9107 4208 1326 7545 9728 2968 2867 5573 4909 6894 2858 4063 4889 9021 4116 5836 2966 7803 
7487 414 9773 215 7177 8820 2060 8312 4972 3132 318 3509 138 5913 6373 9475 4198 8048 9766 601 
6412 4283 4513 7119 8639 784 2955 4597 9502 5468 10 2704 8177 4601 588 9567 3110 1103 6500 4524 
1010 5927 547 9133 7462 1690 5951 9546 4624 5576 6290 5786 7339 5860 5522 3574 1764 9548 472 9471 
7449 3175 3135 9499 224 9815 8379 3930 4690 8814 5252 3558 4707 6925 9438 2601 9678 5912 9557 3914 
5873 7301 5802 8831 5714 9427 2069 2214 1485 5175 9333 6894 8651 5233 7068 5184 6448 2397 8368 4075 
5745 6854 2143 9213 6368 2469 5090 3293 8598 8535 4460 4341 2172 7036 4720 8158 5462 139 7325 4627 
7821 4820 2919 8631 839 2462 7506 4211 2612 5198 3469 6040 4696 6441 489 370 8448 3856 5653 1629 
9203 6843 7640 3585 1687 7569 5833 9977 7068 6658 1086 9442 7609 9111 7424 9855 5681 8882 8535 5161 
769 9935 9287 9283 58 1340 1751 667 533 5221 7705 1245 1688 1719 2651 3457 3043 5655 8041 6741 
3159 6171 3005 1238 2196 453 7285 4743 2317 9169 9998 4708 7067 404 3186 2769 7162 7267 2380 219 
9732 5958 6004 7120 7416 673 9387 282 4407 7026 1220 3606 8107 3642 5869 6899 500 9506 9354 1782 
3952 8239 5036 9211 3957 3791 5746 789 622 9955 3516 2054 9089 3063 9368 795 5321 7676 4780 7935 
565 5943 5198 6368 2524 9555 755 286 1819 9777 354 703 8508 5856 2180 4527 388 8391 2779 357 
2602 7214 7116 4257 8559 733 2394 4370 8430 5292 2753 7332 8098 9226 203 118 1646 1754 7762 9065 
2253 8631 2963 8181 5735 2552 3019 3462 988 6702 2433 9283 6832 8714 3040 8575 1315 6347 9663 2536 
9084 8901 6878 9853 3153 5646 6959 3965 1318 499 5919 7978 1823 1815 6240 2349 4852 9627 1844 5091 
1472 344 7320 292 9253 5289 6346 2980 3553 1830 8601 563 6981 6988 6872 8159 823 9112 7310 1881 
9750 9250 429 8725 6949 758 6444 5371 7831 6813 6147 3466 5749 362 3619 6764 2766 2321 1776 7989 
1388 9506 1069 4901 9567 8115 4146 6349 4424 6139 3547 558 532 5147 2736 2764 6339 4327 5725 7410 
3908 2258 2749 4688 2767 280 9800 1807 6590 8052 5734 6804 8553 7106 9134 691 9836 1951 7552 1163 
9207 4412 3804 7039 5875 2514 4285 8853 4124 2415 8613 2311 1743 1934 9493 5928 6129 7253 5833 5312 
6217 9624 991 3944 6715 1738 6866 7297 4594 1700 2775 4414 9497 1166 3315 8770 9351 5931 2279 5380 
9109 8577 9097 5615 3628 421 3264 2006 2512 9621 6620 7988 1619 1343 655 258 6471 2064 780 738 
132 5990 971 4568 4850 5238 6341 3417 2516 3754 2658 4603 1265 7202 9965 3340 8288 4891 993 2158 
1775 2558 7795 7839 4976 8911 3915 1975 9201 9557 896 5099 5654 3929 6462 1327 9637 952 8551 297 
5486 4723 2371 6288 6101 5142 965 7698 8430 341 5101 9637 2483 4577 6563 3749 4213 4810 9286 9788 
5949 7855 5041 832 6013 5154 2870 423 712 7303 9115 7797 5178 2314 4398 2422 8165 9759 2885 9927 
3242 1669 2870 5278 6288 516 5856 5978 2148 2486 9637 2773 1758 4834 7284 6501 9355 2099 7351 7634 
4028 5463 2326 8883 7370 1363 2886 7553 7013 6852 5857 1805 3880 5248 9315 7549 8538 4299 814 3761 
8883 870 123 3428 6088 2897 2446 3902 438 3617 1380 1270 3816 6989 5276 4357 6436 8658 1039 1158 
8536 6871 5469 2537 2012 7339 1269 6439 3284 5465 4001 4415 1557 8381 3436 1887 449 4577 3793 4734 
1681 817 9777 7510 1646 3997 2480 3264 6315 8636 4653 7512 6995 1836 6621 5263 2298 104 2274 3950 
7347 83 9293 1304 8286 8353 541 8665 8587 933 6818 651 2592 5189 6147 5975 8050 6394 4552 4824 
787 8451 7461 3003 1593 552 2612 8802 1575 8124 3150 6552 4058 5420 8277 5200 2178 277 3441 6582 
4715 3506 5253 5799 9511 5314 5741 2748 6745 8376 2999 3728 4177 3564 235 6355 7279 1935 9144 9160 
1030 8988 9836 4233 9710 9001 3311 2618 2230 6941 5197 2043 1588 9884 7758 9094 6682 1261 2036 921 
2343 9276 960 622 5943 7420 1826 1829 6441 4628 6251 8019 9675 6954 448 9747 1699 2238 5917 7547 
7132 2925 9140 7370 4859 9301 497 750 7518 4856 2363 6706 7024 6250 5353 7828 987 5973 190 740 
5898 1212 5282 8296 3514 2588 2431 9884 2765 4926 85 5687 1242 4393 2762 1562 1748 1732 9442 5009 
1653 9545 2918 7660 7047 7925 8724 6615 447 8204 7235 3252 5479 1402 33 5739 7767 6404 2444 6920 
703 7021 3481 4786 4531 244 8916 332 9634 7947 1268 7956 1509 9634 4586 6473 1873 5170 8870 1466 
6201 4310 9190 7546 9316 6195 9405 7583 3974 8360 123 5737 3229 336 2750 1008 9163 6452 8037 9046 
7210 9550 8573 4235 6273 5609 2602 5936 2178 5524 2628 483 6796 6101 9723 7497 5076 8298 1384 2793 
156 9722 8097 6549 8317 3867 7672 4228 3702 5276 7682 6827 4608 2562 975 8970 2685 6001 6219 4994 
8717 9472 256 9140 8157 623 7765 2197 380 5268 3143 173 9371 7008 3170 9759 3329 4577 7515 7603 
4888 3200 1326 1663 5143 9211 5008 9412 9725 6269 1264 9509 3735 2953 2111 7474 4526 1382 2680 5874 
2688 8116 7997 5359 1465 1949 9296 891 5038 2630 3547 9585 5157 100 2589 4935 628 3276 4482 847 
7269 9779 6349 5996 9443 5364 4964 5089 8085 5504 3065 2357 1779 4383 3760 9331 4969 9060 5249 8478 
3975 3023 6444 2914 8674 3485 6020 4229 5595 4586 6938 5053 7706 4710 1031 7355 3767 9332 4389 6068 
9620 5919 3963 9937 9354 8440 5379 2156 2191 6411 3257 1323 1425 8960 4450 7129 1346 3965 4246 9103 
5903 2472 9628 194 5295 7785 4913 6998 4917 4094 6661 3473 5041 8409 1362 4426 2169 3684 7081 3792 
1759 3173 9499 1302 752 7980 81 7932 3817 2153 7096 5257 8149 1082 7932 6100 2951 1106 3296 4962 
401 8886 6728 5498 4015 977 2147 725 403 9127 8808 9041 9758 9430 9355 8244 4071 8888 1100 5469 
4795 5029 3437 7062 753 9190 1550 5429 1240 8500 935 2418 9584 9807 5825 7700 2562 6314 2529 6356 
1453 580 6738 2403 7502 881 5326 4119 7035 3319 169 8784 3836 901 6874 3913 310 9965 3942 3883 
5862 515 7882 59 7846 5069 1381 2291 479 6602 4513 3389 7067 4479 7164 1676 4133 3228 9703 4597 
592 8926 5114 5291 7984 317 5921 9529 5161 9845 8728 4535 1811 6227 4382 2048 6055 885 3865 7962 
6360 3156 6246 9620 5088 6301 9867 1310 8678 378 859 3682 2745 5440 8692 7472 5164 6386 8041 2359 
5982 5474 2983 4736 5092 2615 423 2084 3654 3851 5103 9614 9347 2059 7828 6379 5361 1618 1313 1006 
1525 8815 6045 8416 6475 594 4507 965 8723 9286 6387 713 9944 8920 6425 8201 2046 8181 5415 8686 
2343 1394 716 5907 1043 3829 880 1960 7538 7153 8179 2176 646 8495 7937 7493 2938 1495 2420 7036 
3321 9246 1238 9938 8380 969 5856 8597 820 6832 9700 4335 3376 478 9556 2941 8875 8933 5454 9775 
2230 4478 3396 5992 3710 7070 268 6404 1897 5988 929 4809 9138 4655 6963 1606 4238 4332 7266 8457 
5866 4124 4418 9389 5571 6132 4427 8592 6802 8287 6112 3074 2994 190 9946 2137 9535 2656 5441 4610 
5549 4876 2822 5874 2018 7691 3552 9226 3985 5171 1297 393 6340 2957 2260 7019 4117 2824 9941 2975 
3801 5143 9948 5351 841 4949 2456 9016 6255 8857 9477 2898 4985 7780 2265 5113 2877 1447 1104 5137 
4842 8066 9202 8232 6710 6087 238 9390 4681 2957 2470 5920 2549 65 5526 7297 7825 2646 5730 201 
2465 6573 7051 56 1939 8912 8797 2979 8456 3752 3336 2047 7276 3774 6633 7756 1268 6334 7925 3928 
7364 9976 3585 5029 1163 1761 8353 8500 3963 5862 2843 7744 8728 9824 215 2440 9517 2019 8182 4932 
8629 9648 8523 3049 3773 8779 6154 8167 6259 9015 1228 7055 5962 5068 9372 7234 782 3019 8225 8405 
2302 5784 6648 9025 3963 2134 1806 6502 923 5121 5703 432 1418 581 1470 8162 9214 9276 9353 3294 
4966 6660 4471 4614 8958 110 5801 4589 8801 6019 6619 9303 3788 9489 4366 8703 5691 4099 6179 4215 
8114 895 3605 7338 5498 1417 7252 1934 8486 3429 5914 3397 9601 7722 8011 2338 6646 7042 9982 2472 
8890 861 1490 1422 2986 2501 1935 9487 7069 6924 7339 7806 3846 497 9909 9511 7577 5938 705 1345 
1095 4411 4992 3183 8856 6749 1324 1126 1859 9962 7597 5816 3949 893 2123 8031 1724 2358 5232 3669 
486 3619 8857 4688 955 1018 8793 6987 8347 9218 8506 6527 6662 9826 6257 8546 6719 2065 8108 1670 
2252 7997 683 8689 9500 8423 5977 6412 9925 6651 9973 6997 8873 5229 8609 9808 8676 3935 5062 7722 
3173 6719 2402 845 2966 1101 527 2208 9786 459 3217 5526 9827 9117 7004 4471 8141 8175 864 9803 
1802 982 8610 6018 2650 9182 7064 1969 2550 6115 5584 3544 8649 6620 2462 2975 141 3729 1024 925 
4894 9373 8767 3771 9308 1214 2596 1277 9010 1129 7493 9536 1806 1531 3083 7890 3437 9147 3905 7450 
5012 7227 8459 2264 8493 8860 400 103 1196 5713 5030 1471 7005 4220 8553 5751 6477 4005 375 808 
1153 3402 5451 7453 3238 7551 2804 5287 6230 5126 3873 7580 2276 7130 3755 4127 8004 9189 6703 1243 
5994 3218 1702 7353 5661 5085 6115 1777 6280 3718 3801 1372 7997 3620 1319 7592 2150 1974 384 8501 
9161 6004 3515 3757 8247 4133 3732 6993 9618 6394 8637 30 1417 2535 293 3374 7217 1250 6642 3194 
5377 9428 3774 6221 9626 2636 4940 4356 8369 2083 6933 7106 5371 7738 4451 6288 2980 2287 8282 9506 
9867 4415 4766 6564 6878 3029 5333 7283 6333 8768 1577 4520 6350 7715 3417 4303 9692 1862 7566 6438 
2764 3706 4406 5152 4351 7642 8494 4314 4509 493 4448 9477 2836 472 1430 5090 3324 3567 3306 7500 
5270 2204 1533 8494 9985 6264 1504 8901 2824 5575 7474 7232 7035 7233 8342 6885 7160 3514 1984 7805 
9687 2530 5628 1071 9487 6184 58 9082 280 5338 4266 8748 4190 8472 8385 9536 1934 2007 1061 7060 
2208 9137 4619 3704 2578 7273 3066 8691 6525 5068 219 1583 3941 6067 7680 9908 914 2005 9278 2867 
9094 170 2360 5656 1035 5802 1081 4595 9210 5635 5678 416 4842 2265 3710 4450 9044 6728 102 8862 
9983 3046 4629 6691 3676 8948 5537 8856 5568 2882 3397 1710 8809 5922 1304 613 8879 324 4282 8874 
6585 9713 3693 4925 7081 1732 9022 800 6565 1922 3519 9948 4275 4154 8274 2158 8416 936 4019 799 
4877 9811 3667 1969 3654 2918 1341 8644 6384 9420 711 4361 5535 3972 215 2254 433 7220 3983 8888 
4027 9306 8487 7967 893 4750 3269 8579 8420 1795 7387 9388 2973 4636 637 7951 4097 7579 2221 2092 
3969 117 4453 6756 383 7041 6896 9816 7782 3103 4390 2989 3704 5941 5954 8812 1106 1172 5474 1142 
3805 1050 6619 3124 212 8721 7398 716 8573 485 3066 9472 9431 7890 7143 4512 5102 4411 5884 3407 
9853 6071 7206 6180 2080 8966 406 2455 8501 9634 6638 955 6431 2449 5560 6475 6215 5942 2978 1581 
9727 7303 6377 1427 2932 8505 5105 3440 4608 1895 5311 4151 8328 8690 2180 7679 425 7778 9270 7860 
1002 5723 2044 8391 8702 1867 3845 4325 9528 4959 8518 5924 2267 4021 5407 1002 5085 6861 1144 3304 
2248 5448 8829 7796 2045 4210 3507 9396 1797 733 9062 4886 9461 4147 1840 8509 3373 3436 8568 3589 
333 2032 9941 4407 1556 580 2830 6281 6167 3345 4575 9293 5307 7171 3978 7497 1727 957 663 3623 
6744 905 3993 6898 7610 7277 4351 2961 3920 4778 4740 7088 3417 6077 8820 4362 3951 1512 1035 9235 
8421 7067 4971 1698 2236 9692 9193 4491 4018 7158 357 6410 24 9085 4149 4828 4942 2175 2125 3031 
3085 5734 5308 9179 5264 7787 9734 8720 7872 3092 3706 590 4219 1310 9679 1419 4256 8486 6000 9422 
7706 4272 9280 4675 4247 7707 1532 1128 4467 1692 6316 6580 2102 4454 8086 1879 5750 9100 2303 1469 
1082 333 4430 8188 3405 7630 5056 8268 3147 7045 4305 2502 315 1841 1629 5461 777 5543 2035 1529 
831 3368 7459 8699 2575 1566 8708 1819 2192 6869 8644 5109 4242 3190 4845 434 271 287 4048 1322 
7185 1054 5713 4327 7578 8940 4847 8932 4980 8870 6222 1157 1413 4983 3619 3568 9982 6162 3211 6729 
1776 8634 89 2876 5132 724 2506 1347 6198 5796 4918 4088 3141 693 6293 9172 7049 4325 955 7989 
3177 4332 7794 3982 1433 7901 4130 152 9813 820 8400 2758 684 4352 9456 263 1035 5418 1000 5413 
724 3635 6307 7002 4668 1133 5471 5298 4606 2495 564 6203 3967 9100 6400 5689 2047 6253 580 726 
7112 3035 9125 5110 8071 1305 5167 4009 1796 1933 7085 2970 4895 3007 4269 1221 8633 5754 1684 3141 
4956 7376 2606 2378 2184 3675 9903 8121 4203 2029 2555 8782 541 7433 1599 189 1333 3898 1850 8502 
1851 3057 4651 3639 2090 1708 3880 5147 9473 3778 2392 640 4343 9211 2158 1671 6281 8332 7330 4308 
2914 3296 654 6245 773 7106 8082 5791 5162 1224 3732 6131 3059 2105 1943 8528 7353 1870 1863 370 
2568 7094 7199 9977 4308 3668 3975 2260 5654 1395 461 8716 9863 7386 5998 7101 9655 4923 4897 6319 
2954 4101 9937 451 1921 633 3029 3993 5281 1577 9342 2350 8337 7868 1564 1442 7765 9567 4125 6951 
5026 4678 2339 6454 6429 9104 673 2364 3813 2055 3714 8882 122 8950 4454 2362 4760 5302 7929 3365 
868 4993 3714 3905 9825 9800 6581 4256 7088 3408 6389 7492 3250 8038 9946 1094 9770 9300 6555 5910 
4436 5547 9672 3468 2461 1136 710 2749 5661 1940 8759 6585 5272 6731 8758 1825 188 285 7325 6279 
7079 635 9587 3821 5641 8410 4740 623 946 7531 9518 701 568 6875 4662 3873 5606 4197 7990 15 
8596 9574 2771 8617 2767 5545 9534 4386 2726 8816 6455 4314 7376 2884 8601 7928 9789 8884 71 3911 
7047 617 2049 2375 4100 2122 4754 5668 4827 1387 9880 5844 6897 6256 1409 5897 8031 1328 799 102 
6226 6405 40 9662 1502 7375 7405 9801 6655 6728 6325 8816 910 7042 1349 8487 2749 1389 878 202 
7919 3909 2675 3968 1511 3095 5317 1564 1915 7908 5613 3059 7444 302 389 1560 8053 6752 243 7170 
5158 3355 4963 943 7532 8202 7488 786 2966 5351 8255 7527 6551 7814 4857 4583 1883 9951 6306 7656 
6599 5369 1370 1916 9842 1506 8400 8569 9482 8491 3870 2761 2164 2272 3813 2967 1588 4550 2582 8426 
837 6332 5433 7119 7877 3140 9374 8942 6816 9467 8926 9855 7480 4660 1181 3861 8510 9443 222 9752 
3007 6516 786 6273 2190 4396 2191 8382 9082 2232 5545 6101 7371 6658 2064 6709 1087 753 6870 7833 
411 7232 2507 2854 6192 7127 87 483 5820 9445 6131 3656 7242 9552 692 5630 3463 8771 7285 4870 
1858 1925 5056 4054 7327 1514 2648 671 2455 5907 8182 1050 4464 6625 4831 2736 4965 8103 7582 4681 
690 5517 1011 1676 1070 49 2119 261 9220 6872 8475 1156 5296 7217 1724 7474 9715 1803 3605 4623 
6019 573 4962 887 2419 3571 8844 8211 8458 2841 2133 6107 6674 479 2466 5721 9999 3372 5808 5529 
1593 5967 340 7132 760 3425 8483 8716 9004 5958 779 5258 1126 2355 7804 3779 2231 313 999 1569 
1395 5423 241 3053 848 5998 7827 7411 1937 5669 2034 14 9914 653 9830 4754 8399 3127 8425 792 
6253 1890 5806 723 6549 5832 747 562 3744 9224 2772 1199 4756 1918 6565 980 4482 814 4332 3341 
7864 7665 3201 3944 1610 3446 3059 5865 5768 4969 8145 858 9180 6944 9265 9872 1218 2370 3136 5833 
1332 6579 2727 9361 1281 1099 470 4787 2474 9796 3472 7420 7337 6066 8626 3308 1165 3549 865 7958 
5734 1881 9231 5911 6618 9751 2570 435 6370 3172 2465 2138 3621 7183 5540 1386 5886 7512 9047 5022 
8236 6724 2290 7509 4294 8189 4584 1341 5193 2790 338 1581 4799 3389 5512 5778 8270 4681 9595 8641 
9594 930 6466 8940 4968 8959 9678 272 3632 2123 5612 5130 8413 1425 5207 2649 6885 5143 8312 5823 
5696 5271 2283 1906 9879 2055 3855 1023 7082 1834 5033 3166 3933 7296 7926 5328 368 7576 7451 1749 
9898 6246 9274 7098 1969 3344 900 9199 7465 4578 1045 7271 9447 4177 2080 9240 5376 9293 9656 9091 
6915 8703 4377 7949 7135 834 4177 8460 4818 1854 6542 1918 1632 3999 7268 3682 60 4180 7947 1194 
4854 2004 2995 9416 9073 6779 5525 8293 7903 1793 4248 7120 8252 3708 5213 3812 2308 9036 8487 339 
4354 1092 2970 3726 9990 5208 6479 8086 7569 4130 8241 8669 3248 4367 7495 1398 387 5766 5246 5435 
5753 2729 515 301 138 596 3674 1637 480 5282 5181 9369 7763 4942 7301 3995 4992 8727 8670 2923 
6373 717 6458 8461 1372 6793 8020 5893 9537 4185 7631 9311 6961 5336 2315 7835 9217 5531 5028 8949 
9160 3512 5719 2963 3754 5202 513 359 1442 2559 5845 7572 8380 4186 9994 2014 4764 6996 5199 8138 
9102 3062 1276 260 4955 3281 2118 800 3236 7750 6719 4408 95 8786 6744 4099 5147 9329 6771 519 
3345 1684 1081 2117 1241 764 373 1075 4662 1094 5755 3464 6847 7217 4057 2272 3483 6810 5960 5726 
712 6681 8126 1105 1144 4612 3556 1519 2041 9409 7615 2223 7696 1753 4077 1443 193 728 2542 6882 
5421 7905 9805 9507 4232 2831 9017 8213 4789 8502 4980 5612 7761 8855 9255 1557 6537 9810 1088 7643 
5785 7430 7641 274 4066 4132 294 3201 2567 8930 4571 3453 4069 6539 1719 1392 3932 9539 9826 424 
4238 7641 6862 6651 4738 1285 3436 5832 4757 9440 1247 2826 6383 9651 4309 5094 8157 5864 7639 8643 
6672 6349 6174 3561 3810 6119 1232 1585 9952 7938 5862 5405 888 5830 8443 4161 1936 5702 9779 5150 
7649 7970 9397 7216 5294 3645 183 2765 1957 169 8501 9213 9568 8829 4125 7049 1416 1496 5401 8268 
7560 3504 9706 8455 1001 403 110 7873 9551 4543 1518 507 9855 5565 5575 4609 6139 8071 4707 1356 
6108 6330 146 1412 3931 359 2714 6163 7756 2868 6233 5541 5815 2144 3314 7819 1012 3667 300 5599 
2114 6035 6819 162 3941 5795 248 5537 3626 1478 4764 8598 6183 2817 9781 123 3684 1775 2042 7945 
8560 7854 97 9439 1810 8646 9298 3373 4381 762 3800 8848 5566 8327 1828 4168 5029 7289 6573 1541 
2142 6541 3960 6785 9275 3569 543 1158 9664 2120 3249 4592 6442 9242 5511 8621 8316 3111 8190 5761 
7912 4300 3670 5991 7719 1774 6182 5057 5717 1396 8137 5024 8924 625 5145 3615 9083 6446 3926 8618 
4994 7318 6035 5212 2333 2363 14 6150 9627 3799 8922 3595 1129 8557 8731 8328 1360 3917 1709 8145 
1192 7430 1441 295 2423 3669 1668 133 1323 6732 6910 8762 2255 559 3124 3905 2637 1095 1755 7003 
7969 2681 6362 286 3109 5857 2090 4519 7230 3560 7229 2588 3938 8404 4680 2892 7829 8622 6462 2039 
7631 3743 4570 3162 4955 932 2552 2898 9454 8769 9233 3858 5410 1874 994 5296 7087 6156 648 5209 
453 9297 74 2181 8648 1763 4914 1045 5208 1088 5257 6201 8843 7899 6462 5790 7145 140 5011 3636 
2997 413 1285 9550 931 6293 7541 4067 7930 6114 9160 1553 3192 5391 6535 5841 7404 9525 724 8117 
6564 9758 4938 4190 4067 4548 4831 8315 47 1912 2665 347 2356 975 634 1443 4744 3799 5737 3323 
8204 4071 5406 1107 7244 6548 7274 2420 8036 6272 417 2593 8222 9580 3317 2779 76 7310 3888 8516 
1406 2335 3021 8859 6705 1099 5796 1542 3317 9547 2736 7758 1817 7215 7215 4916 1780 5588 3285 4385 
6259 5590 317 6476 9418 1247 9454 3348 1897 3710 1861 3261 3629 5586 1573 5064 7679 2533 6680 3098 
1517 2422 8624 5726 8835 6542 2222 7495 3862 6373 606 8414 9229 717 4957 154 9868 7067 1753 1901 
6430 2086 3171 7306 9230 584 2195 9573 9362 273 297 5667 1941 2155 2619 9985 2479 6713 8800 5184 
8691 7720 9223 1325 8294 7287 7349 271 6247 7619 5785 9754 7391 8091 8782 7600 7765 4803 6316 6615 
8510 8803 2875 9366 6768 8271 6022 2840 9170 866 3240 1987 1570 9075 597 5635 9506 4874 2103 2304 
7648 9388 1652 9422 4912 577 3160 1522 7384 7239 9845 7234 2503 8719 3027 8517 6803 8213 3157 1882 
3327 1406 8106 3781 9717 682 6813 7620 1573 2392 7690 5199 890 1417 1884 238 2949 9900 9288 756 
6905 2201 9808 2265 8354 6506 373 1798 3042 690 1756 7290 5354 6561 491 9 4849 96 9153 7011 
7924 6759 3295 8835 3866 6463 9959 8222 5939 1969 9455 1675 8876 4940 514 4082 5794 8470 9811 1645 
9073 1034 6751 8907 8967 208 6030 3747 6570 1450 8310 5430 1618 5674 1308 7309 8740 6705 2055 6753 
5836 8226 467 6890 583 9877 6719 2703 6954 4056 7604 1228 6003 9072 7282 3954 8746 6525 4584 1960 
7331 8219 2255 5503 8019 9749 756 4931 9531 6660 1057 6781 8534 5156 1799 4261 4828 9848 906 7029 
4592 2372 4857 6105 7277 8888 6040 7203 6343 8861 732 5067 1041 3336 3858 8851 5851 1595 6236 2632 
8741 4299 6761 1476 2420 4188 9232 5185 6223 8888 5689 9496 6088 7406 8360 4247 6962 5815 1015 9089 
3267 8021 4302 6704 8647 4692 2642 6517 8590 9794 631 2608 4579 2075 2787 555 9962 5708 2257 336 
4422 6729 4911 5979 2212 3499 4229 3579 5223 6129 2273 9938 3953 8279 8163 8203 9130 4212 626 27 
8960 6045 7914 2320 6428 9799 7811 9862 5084 7946 6959 6584 963 7089 1631 8052 8153 5037 5250 3303 
9024 3033 8444 8472 132 2009 9007 4209 4894 1499 1624 7719 6342 5440 5960 5899 3602 1076 1741 4264 
863 88 5373 9469 5898 8481 351 5077 9308 4649 2934 7329 16 2644 938 2792 6434 1085 6212 3957 
1494 8350 8134 9822 9170 9919 8629 3157 5050 7941 7157 7575 182 4732 3151 6849 7089 9647 5169 7843 
144 7380 1362 2301 4140 2741 4224 4694 5263 553 2760 8155 951 8657 8994 5156 2138 3086 8806 9522 
4247 9055 1103 6853 2244 9976 1818 7306 9274 3983 3946 1905 3369 2416 2108 3261 6392 6801 3842 3877 
5741 8127 703 2471 2101 1063 1918 2108 6369 2673 6927 8167 8542 8806 1198 6311 1231 3682 7441 3227 
1225 4932 8527 8949 5819 6339 136 279 2023 9035 1412 3482 5713 1493 4908 1214 1828 3364 7615 9356 
6411 3419 6946 7655 1123 1853 2232 5600 1498 76 3081 9593 4563 3091 834 8673 1818 2975 7928 5406 
1022 1192 7386 8345 7552 5901 9603 323 5095 2365 2569 854 8317 1378 2389 2598 2713 6696 2351 2422 
8697 2988 5893 2982 7004 2383 9624 2346 2442 7482 5203 5191 5377 4699 6200 9174 4445 6861 5081 5019 
450 2774 560 7871 2649 5802 7820 2665 3317 8332 9864 6555 9329 613 585 2504 2680 1725 7700 2420 
6848 4326 1434 7044 6915 9289 6466 8373 7788 3128 1665 2296 7979 1554 2040 5290 9653 6101 1465 9058 
9099 4525 9639 8340 4196 3258 2122 6483 1482 225 7900 8275 8430 3145 4787 4939 6985 8725 4507 153 
8577 2081 6544 2672 4484 1318 1172 2253 4628 7336 7859 9352 126 2926 929 5877 424 2497 3963 5657 
5479 9629 4131 730 9530 4854 4802 720 5895 2068 3753 9463 32 1758 9752 294 3010 4581 5450 5178 
57 6183 2315 5324 4323 2756 328 4785 4672 9901 6369 9312 6114 8680 6589 5518 967 1040 9722 7445 
3120 282 3950 5203 7742 4322 3024 3247 7704 5299 5677 2422 1723 966 3799 3620 2158 2738 1568 334 
3024 1522 3887 2507 3073 2692 3917 8227 5530 2797 5695 5648 5641 6490 8000 497 6573 1729 2250 1406 
2203 2214 160 7797 5899 2041 5979 355 5778 6429 5039 5774 3020 196 2906 3535 1221 3285 7656 781 
4533 8240 6966 6212 4214 4408 4961 1717 5107 2703 1994 8007 3231 5695 6824 59 7022 5428 3834 8541 
8884 4616 488 8582 1416 7238 276 1534 2869 6176 4579 5055 2797 4876 770 9685 474 297 4326 9154 
4003 8383 2676 1470 4199 9237 7514 5035 8329 5036 3992 8518 2808 4168 7567 4538 2329 9262 9172 8926 
675 1689 4960 8847 4935 5255 5799 4104 6570 9569 2819 1981 9313 9287 5213 6600 9432 6329 7512 8314 
3646 6115 4266 3091 6161 4080 1447 7133 6513 8031 603 4819 596 2515 4148 735 998 5700 9146 8432 
5626 5027 700 9194 1489 8106 7513 3079 7445 2674 6439 5852 6883 8382 8675 135 4212 2437 4518 8468 
3734 8957 6767 6063 4539 547 8307 6483 6958 4551 8575 9793 5677 9763 5061 509 2855 2060 6538 7938 
7684 5794 9771 2565 907 1314 8967 8151 4660 7866 5726 5347 2747 9116 868 4696 7517 9068 5217 7041 
3731 916 5032 912 1608 9926 4514 7705 9144 2977 4935 6378 5239 6333 6200 6952 1163 9793 5275 9285 
7606 20 4244 5102 4244 6608 653 8433 7342 1442 7490 8076 1033 6446 3323 1471 2446 256 2631 387 
311 1389 9697 917 3746 5688 4802 8299 693 2192 3267 7063 5566 1031 7260 9449 2358 5789 1134 4974 
2338 4091 3546 9223 5188 1275 4780 3205 1253 6788 3719 559 1767 3764 8926 1718 3435 2743 2636 5312 
8014 5028 4081 768 7808 1398 4666 647 1011 199 7372 7348 8076 552 9116 4055 2713 9454 1742 659 
7535 3271 56 9601 5838 6586 1570 5233 7347 589 1084 6396 2747 2751 1580 1701 4479 8613 2466 1229 
8704 5010 1034 9542 7536 2672 286 3407 4203 4779 7685 4062 9552 1100 3340 1485 8096 7220 9839 6747 
961 9518 6389 8786 9631 3303 9797 681 5312 1161 376 1439 4626 3523 8780 9528 8404 9092 4226 9301 
350 710 8214 443 9277 3784 3833 2854 5935 8788 2732 4871 1735 943 698 1896 1934 1502 2178 2960 
1638 1734 848 1185 5900 5068 4423 9871 7562 5467 2414 2347 8262 8915 404 494 8874 2351 7489 9345 
6368 5487 9514 9945 6650 8532 8256 7760 8908 9962 6422 9662 1095 7455 5934 7943 4274 6834 9391 189 
839 6567 4244 5158 7207 9078 7732 2873 9019 3395 9833 4306 9704 8393 7967 741 5086 272 7500 8399 
4397 1486 3942 7704 356 265 9221 804 2184 2633 1302 8152 7118 9164 425 5594 5605 2868 6745 5074 
2387 5243 5941 9981 810 8870 7183 8720 6982 4103 8304 4873 3014 9117 5749 4352 6788 2679 9259 3437 
5555 9237 1923 1508 9716 4927 4065 6955 965 9167 391 9964 2631 6057 9049 7573 2490 6123 4989 3293 
7287 6239 4321 9601 3945 4717 7544 6621 6361 7101 1570 1174 7733 6011 519 1219 1997 5155 9648 6124 
249 4284 4851 4299 9338 8993 4329 6127 4556 4234 61 2880 7444 4937 339 1197 5980 8145 8530 8944 
3192 4289 3231 787 1108 7517 9176 8475 3900 1757 1594 1490 2247 3551 9376 6564 369 5656 5881 8400 
3380 3224 4067 5086 4114 6972 6618 6335 978 1196 1191 5695 5348 772 503 9799 6211 368 2697 8207 
8246 1009 9763 2337 4962 8716 2466 1370 5712 370 4300 4729 3366 6074 6613 3609 341 9545 8249 3196 
447 9444 2092 2925 3218 2733 5372 9303 1206 1289 7759 2836 3231 7202 895 4493 4062 4968 1742 8593 
5754 8978 7464 1073 6199 6114 7636 5223 3137 5719 7846 5463 7863 7068 4580 3998 5910 6125 9747 8327 
4401 1994 5709 5357 6714 6372 1585 1914 816 9157 7704 9069 4980 3996 9183 4218 8490 4854 6134 652 
681 2712 9604 8022 3966 9464 4276 3511 5748 6779 3968 9691 4312 6361 2728 5230 1164 5325 8959 8171 
5802 7656 1875 8675 1714 2405 8375 6569 4242 2056 2686 8347 4178 880 3990 3211 1577 4507 7407 4283 
1615 7817 263 3894 8287 8872 8355 5499 9448 1678 1115 1173 9282 7302 723 1670 7880 1681 562 4466 
1381 6254 1137 4871 271 8276 161 9595 3387 4987 8281 7102 2283 571 4171 4494 6795 8061 7602 8249 
4932 5565 683 6844 9098 3137 6796 7962 3993 8467 1781 1609 2151 2922 1250 3591 7989 9655 5354 3178 
4551 8059 3255 3540 1294 3766 7266 2325 8159 6762 1434 2922 3362 7758 8145 8868 9016 9374 6324 452 
6745 7248 1172 9538 1098 4978 8757 7260 968 4590 5651 7483 275 3983 7484 8002 9930 9838 2303 4048 
5311 9125 2718 1349 6358 9572 162 5376 9055 7026 9692 7239 7358 8955 8675 1456 6115 5400 31 812 
5835 9085 4673 6084 3603 939 7229 4475 116 5878 8981 7650 159 7136 5955 9147 213 8132 8482 3718 
1668 2047 2858 263 7114 5929 2358 408 5303 3122 8612 4266 3299 71 1752 3047 5369 1011 1293 9939 
687 5362 9177 6865 1043 2145 9772 8434 7363 3537 2085 6632 3689 283 6097 8808 7185 5997 6257 2558 
2169 5634 8246 2314 8100 576 5324 4073 3546 7659 8960 4239 7232 8967 4672 8895 4975 9547 9549 6909 
3044 6800 1679 8266 7652 8200 5702 8623 7529 2780 9736 4005 7725 270 8732 6737 7889 7773 6753 4605 
5691 8951 8955 2961 843 1833 9884 3761 3912 2929 107 3648 7323 5093 3908 8082 2519 556 4652 7535 
1956 9706 8174 2579 2679 8553 8135 898 9343 7234 3019 5929 1599 3099 7474 4080 6787 9659 4274 6955 
4865 8681 6633 464 685 3299 4136 2706 8376 4666 7175 6812 3910 7545 9769 2346 4635 5575 7949 4369 
4962 4530 653 6351 6362 6236 8183 1245 4797 5026 2582 4657 2285 2886 3916 4431 269 1934 830 2032 
538 2549 2412 7259 5845 5664 1899 6751 110 7979 33 1523 621 6690 3133 6852 8224 6956 8720 3550 
7389 3489 7308 8614 6050 8556 4759 9635 3313 5019 4060 7853 4785 6163 3598 9038 5651 8545 8074 4342 
9538 5083 4600 7418 1237 4645 2349 2636 9541 4048 8081 7350 9926 9773 6456 6287 5364 2447 1167 2784 
426 5133 6276 9456 386 247 3778 7307 4804 5216 1736 1490 6285 5898 1061 364 3534 7424 1523 5499 
7949 3692 6861 4681 6829 2921 8925 4304 3797 6802 9302 9113 1487 3145 5579 8092 9519 4868 2443 8870 
1806 8418 9706 3929 530 1996 6141 7437 5851 7206 6913 9524 6173 788 3112 907 2229 1546 2337 829 
122 683 9923 2850 3122 2291 8566 5700 2734 5456 5870 2626 35 315 1668 9869 7029 9925 1203 6415 
4369 4364 8140 1932 3800 2461 9975 5313 9604 8035 7814 8537 2168 1629 6231 2559 5288 5038 935 5229 
9985 7118 9454 3058 903 9838 8346 8291 2346 6761 3323 8104 9892 7957 1896 87 1346 5689 8925 110 
2076 25 1538 25 114 6908 5449 3060 260 1727 4163 6139 2990 5506 2799 9277 1423 1040 2896 9758 
9605 8860 986 1419 9159 7974 4265 5545 3583 6173 4926 7799 3585 4607 7847 1250 1868 636 7674 1030 
715 6457 878 9617 584 9264 6678 2500 719 372 1114 1460 7307 4562 5283 6029 1439 9379 5491 6837 
563 510 4367 1406 5320 1562 1947 101 4234 4001 4000 6488 6705 2048 764 5461 3508 3612 3814 45 
7307 8622 1212 1127 2831 2927 3035 8833 6816 2495 4298 2129 6146 5006 5843 6857 7477 5677 4976 8297 
1696 6895 2862 2431 9706 362 5168 5833 1252 8090 5059 8699 8966 5428 521 3420 4596 8183 4597 4219 
5165 5198 8306 3311 3281 2275 6431 9979 3580 9037 5035 5008 5458 9002 6457 2109 1225 872 480 7042 
4814 7454 1282 2706 3381 4791 6359 9655 1744 7502 9813 47 9659 7797 8462 9972 3138 943 4454 7401 
1072 510 9760 32 6453 1350 8228 4584 1058 7313 2911 1972 8676 2956 3350 5735 3131 8590 168 5531 
9511 1784 4192 4705 14 7832 2404 7507 4651 9496 2333 4918 822 4387 4723 1403 8732 5560 3940 5091 
1051 8918 8400 6754 9644 8664 4180 157 4286 6618 9473 1262 7787 4233 521 3414 9321 6746 8182 8754 
2495 4048 9447 6918 1009 1633 2567 2677 4811 5314 2059 8275 1334 1502 3928 8098 4905 6278 2527 3960 
8399 3682 5815 5106 785 1125 1525 2081 1569 3775 9497 4355 7234 2141 9800 6109 9110 6635 7970 884 
2470 8233 3264 6235 7352 6907 3948 2278 9648 3226 2492 9565 1637 4984 5084 4844 4350 4833 9847 407 
8153 7932 4258 1115 2968 6001 4981 8768 969 6565 1447 3322 9857 97 4533 5791 9492 4865 9166 6419 
6739 6552 3822 3790 5666 5040 8309 5359 9909 4575 2723 9707 7910 4629 7219 30 7270 6162 161 6641 
9726 3541 8169 4092 976 6638 6142 5971 5263 2421 8563 620 1239 8196 2521 8913 9195 9359 374 8625 
1482 8484 5742 6465 9660 1213 5953 4191 2142 4675 8225 1799 1016 5740 94 9470 2440 1333 3247 8492 
8669 9402 5647 3319 6161 7010 7666 7578 8579 5992 2835 7220 3921 5156 2235 8717 6511 7145 9136 3539 
1862 1511 9512 5171 6140 2272 6744 9364 9531 3464 2941 7389 3889 1333 4294 1958 5892 8518 9468 3387 
6367 1744 4543 3773 6910 2052 5407 4515 2674 5916 4516 5839 1841 1252 4282 6411 5149 5109 7548 8561 
1775 1372 620 7178 752 6762 6940 542 1556 5061 9900 1578 3379 7307 5552 288 1957 3382 8797 2408 
3802 6891 9200 1924 7075 9437 9036 9202 5200 4766 5534 6762 3223 7734 7230 4759 4510 5548 4244 8035 
8757 7329 3621 6442 2499 5164 7065 9873 1627 5664 9482 4815 2666 7257 5034 3401 2560 1093 961 9644 
1529 3184 4338 2051 5079 4488 6649 8777 9166 6976 4404 4456 5371 6287 5243 6944 3170 6552 9133 1875 
3523 2884 3256 7069 3767 123 885 8257 2349 7858 2590 2926 987 2927 1164 5856 3859 4520 7713 5683 
645 9897 2047 1475 8075 8243 2995 3550 1253 2946 9810 363 976 6503 6206 3940 1397 3669 6372 7167 
2460 6455 8230 1179 908 1822 6704 1349 944 152 7193 3945 4327 5275 424 3526 807 8546 6272 5274 
3231 2014 4874 605 9560 6958 13 4538 8520 2921 6157 4072 2307 360 7901 9623 7821 1217 1954 1573 
2384 158 3781 1440 2551 5355 4132 9654 6437 8430 3111 5912 3077 9986 4426 7949 7471 1756 9196 7394 
51 2334 5666 9200 5509 9993 5752 7542 9621 2381 1861 9125 793 3708 2202 5579 10 8061 5128 3174 
2248 6845 8715 9674 7115 1183 7350 110 791 2372 8428 1217 7770 8534 9144 1898 7462 686 5978 9437 
4998 9221 5055 2857 8558 1896 91 4606 2755 1412 4678 1244 4852 4481 6864 9670 8708 5740 8050 7398 
2757 5980 5315 9482 5171 2805 1027 4028 3114 1067 6872 7231 2548 3742 4050 3429 8547 3364 6765 1885 
4280 3429 9555 8602 5533 1024 4011 1183 3781 8250 1058 807 5070 5846 676 9745 2992 1040 583 4104 
5141 1796 1429 1840 9861 524 4244 1292 5196 4934 1235 9341 9674 5571 5107 6501 3000 956 6255 2394 
6162 832 9802 4533 6853 1288 6036 1386 3750 1659 2456 2947 8684 7549 7973 9445 635 290 6087 8115 
6734 9857 225 3073 9568 4371 6090 1473 3863 4347 6433 4361 1870 8063 5950 3526 7550 7925 1334 2538 
1544 8169 3306 9952 5665 298 5453 1584 3418 7093 640 6990 2379 6600 8140 8125 4028 4841 1804 1041 
2416 4431 3956 2226 5118 5518 1025 4509 4637 9376 3487 8276 8155 2527 3537 5589 7434 9359 3344 6440 
2968 5400 6419 8785 3385 1617 7160 9894 9891 4776 8860 91 7190 1118 2060 5545 5014 6399 3193 6765 
4454 3039 6114 4348 9827 8544 2160 8036 4154 4624 5283 7454 6055 3631 5156 3632 7163 6159 919 1167 
1577 6244 3792 4305 6813 4811 7806 784 1273 3654 7256 2619 3262 7989 5523 7446 9395 9745 8765 6994 
8181 209 7305 5032 2475 3952 1559 446 1733 8150 1151 3916 9105 7154 5994 8728 5353 1689 430 3901 
1580 3848 6180 6730 4119 2502 4215 1271 2880 3621 9434 7043 9471 3991 5351 1929 8746 4732 2800 640 
5019 3513 9796 369 6768 9061 8624 9748 7902 9310 1502 4131 3363 153 3935 8864 6823 3830 7121 9010 
3054 9393 717 7354 6861 7556 3599 4421 8886 7642 6723 5274 3521 3374 6649 8835 889 6818 900 5976 
5649 3661 7092 5158 7217 8860 7166 4527 2593 984 4293 9724 3952 1352 1192 2717 5969 8397 4904 8112 
8707 5515 2355 4640 5020 9896 722 5157 4593 2701 939 6889 1188 2889 5380 2907 5691 1365 8309 4364 
5593 9090 9160 2215 4251 3823 8256 9966 1905 9814 5699 8575 4486 2966 1030 6693 4174 5291 9027 9867 
8828 2377 937 491 5085 3304 1681 6245 3716 6153 104 1675 8259 1207 5934 9033 8627 4409 7225 2210 
1552 6708 5591 7573 1491 4253 9806 7103 4045 6635 7186 26 2413 8059 1122 6978 8207 7709 4463 8776 
6162 7068 1563 1264 2515 6187 1641 9845 3643 5339 1879 93 9586 7193 4373 5879 9726 4708 7265 4368 
6044 9388 160 7700 7274 7142 522 2114 7070 1292 5939 8137 679 1585 5458 62 4798 1426 2848 4944 
680 2968 2862 3810 9483 6586 5363 855 5754 6720 4433 5741 6495 5778 6707 2191 3636 8031 5685 3214 
3198 4441 6480 9082 7799 2669 9841 971 4263 1520 8756 7180 7853 6325 1042 7447 3919 7084 4404 8747 
2684 4804 7955 2809 6346 2833 3006 1599 8658 1449 9735 2011 9956 4056 1722 8674 7959 3331 8507 8345 
6689 7353 4411 1327 3568 8406 3447 414 5443 8993 5181 1734 7176 1461 4875 9514 8434 4333 6358 4614 
422 8936 5860 1885 8930 845 4438 6066 2251 6664 5366 4124 9554 7441 9465 5517 2707 5566 7680 5931 
4777 4015 4801 637 5553 7655 8717 1842 3177 2410 5358 7882 5365 9538 191 8456 2846 1468 1800 7231 
2807 9391 8692 2778 8462 5116 9744 5512 4458 9665 7971 2836 8455 3592 4741 4147 7756 2317 5293 5366 
1013 4012 6491 5471 3778 1913 8990 8064 731 3961 3762 6046 8670 9133 1178 1477 151 4319 3447 6598 
9130 9252 3474 3483 5968 8626 5580 9244 1340 5403 5343 7977 8793 5128 3551 7559 4274 6401 8179 2440 
6909 9896 2379 6659 1429 5189 7037 5442 5794 1356 6479 1818 5655 667 1731 5110 8008 9535 3706 4492 
1558 3751 5958 593 2793 2704 785 3000 7145 9807 6115 3029 5896 7805 3044 3168 2559 7500 4079 1221 
2884 5144 5262 4313 7269 1961 1672 5399 4228 7685 3444 8040 5006 9538 7080 2112 2985 2441 8851 6629 
2218 3782 9651 2443 4769 9004 6675 4235 6065 6549 6373 2434 2816 711 8552 1413 2343 3907 1782 4210 
3974 3639 7501 2274 9480 7906 296 1403 3102 6983 8153 8562 74 4043 9781 30 9546 2793 5707 4055 
2831 7669 9299 7100 5178 5774 4016 7300 2450 9356 3345 1405 6420 1240 265 2241 8215 9883 1897 8134 
8186 4575 2167 5540 6941 609 1534 3761 937 8520 7377 3672 6621 4528 3293 7433 2326 8687 3962 3082 
3945 5097 1421 1642 3792 7582 7533 5174 2224 8112 8240 629 8067 8115 9202 7902 6470 5101 7090 6233 
3153 6206 2584 6083 2606 4313 7158 6619 7960 2303 8395 2473 178 6525 1038 5406 9408 8924 1661 7575 
1478 9782 9825 4331 6428 8328 4974 1316 4378 5411 7604 1450 3030 4029 2981 4251 8615 7508 4788 9015 
