10000
6856 9126 6508 7705 4240 5325 8216 7422 4120 1142 4897 9816 5454 7475 7405 3453 7089 2558 3197 9574 
5492 8463 2310 6998 7234 6158 976 3941 2572 2373 9688 8216 4958 7329 3744 9166 1023 3221 5255 6105 
9559 7227 4131 4135 1307 8376 6841 8989 196 9019 2175 4415 1117 8114 6218 9982 3915 24 6049 5758 
9239 9247 5394 8771 4167 2502 2114 9144 8539 7863 9936 1547 4514 7136 2419 3768 5997 9803 610 513 
2411 3725 5138 2791 8436 8951 8714 5495 1473 6492 3682 4004 1784 9424 1162 5516 7110 393 8551 1994 
2149 8214 9768 9880 6765 7160 711 5247 167 736 58 461 8476 1207 7993 7441 2668 2996 7659 7045 
9162 5454 2073 9545 5988 4014 7028 4072 2673 6447 4850 4505 3475 1253 323 3012 7197 3783 1570 7919 
6190 9979 7143 4309 58 6925 2985 9266 5897 8411 8128 6445 9769 8528 7353 1841 5151 2539 2579 2682 
6683 5659 5655 9561 8249 3081 8436 3524 660 5762 6664 6589 5221 7984 5194 8397 6569 5012 836 461 
4928 9074 431 2497 162 3080 7558 6929 5756 4572 1213 6054 2088 4418 4810 3325 3147 5175 1569 3482 
23 5341 8077 2125 5985 3811 6714 8010 5565 6895 1360 4791 5381 7371 5322 6279 5112 3450 4037 2525 
367 9173 7860 1312 8556 7783 144 9530 1787 193 1372 6300 6042 8666 5270 9282 7237 7975 3658 366 
4426 2755 3281 3172 5867 8539 1510 6849 1505 537 5769 1257 8638 8554 8109 7068 875 8750 5676 6340 
7008 1052 714 2509 6770 1823 6806 6145 1014 7729 1917 6927 1620 3043 5225 2743 4758 7286 3879 6261 
4752 1433 9366 6296 8378 4959 6331 2718 6649 4844 1314 7614 6764 7916 2207 5057 5617 4048 5842 4301 
6855 4710 3832 8848 1951 5667 2286 8550 9740 4064 609 406 4777 5519 4689 8895 153 9880 740 3563 
2794 1156 5510 8637 899 4677 7486 7452 3420 9392 6860 9004 1405 3944 9487 2693 5039 2168 1987 7762 
5486 9165 7239 1049 7856 7902 733 4674 6399 3913 5434 1685 9570 8011 2573 708 7898 6059 5164 9667 
920 3811 3338 9936 7100 5356 501 1874 5080 3206 5820 162 6706 6465 4094 9104 3433 4730 9838 6276 
6079 7061 7746 7122 6117 6020 4826 201 9796 1633 8717 3368 2663 4222 7599 1965 6230 4742 9904 2124 
4654 5871 3710 9400 380 3103 5370 9105 440 6920 9336 6666 910 6850 7040 5733 6231 7523 6721 7422 
9782 6685 5749 9249 5791 7572 6192 5688 2338 7242 7202 8101 8181 2073 7820 393 5119 8813 2399 1262 
3185 6444 6240 5143 8191 1602 8807 3714 9292 6365 1911 9943 9716 7282 6248 4753 5650 2826 5568 5125 
8738 9468 8720 7683 113 2392 1050 3976 6896 8605 8577 253 4856 216 3832 352 7911 587 221 3406 
8728 1349 2271 3033 1409 1379 7753 2955 5478 2019 3283 3448 8971 3056 9358 4681 6550 6415 7581 4042 
6611 7685 2115 2417 7889 323 3063 8713 3625 959 1924 203 4687 4384 9069 8072 1346 357 6686 902 
1021 6931 5037 5860 3440 4298 9743 5467 5240 3138 9047 6403 1194 8775 4106 4271 192 7934 5022 5382 
8682 5475 6689 5359 6134 5825 549 8200 6330 2125 5769 1795 6525 9423 8995 5918 5269 9661 2921 3341 
4284 4198 62 9318 3852 2744 7114 5785 8105 4639 8227 5098 5150 5931 4311 3532 3375 172 7068 5596 
6477 6541 5726 2183 3897 3738 7703 7241 8704 4687 9134 2083 420 1758 3830 3864 539 8812 9078 3092 
8992 5705 7801 9210 1864 1019 2556 2584 3791 1542 1013 7625 7121 6746 7667 9351 9460 6120 1072 8666 
2130 5122 2978 9138 9413 6399 8993 557 6523 759 5988 7973 9625 6033 404 2585 5996 9095 4210 5414 
3402 6786 8612 7570 5351 8472 9738 3574 7668 3566 6815 1957 1073 8731 5819 1629 3315 8844 6581 8520 
2833 1901 1622 1103 4072 8170 1193 5884 7391 6995 4782 7563 4341 3925 3006 4109 3718 3371 2584 9896 
7804 8256 4794 6734 145 9343 5164 119 899 3449 6294 1854 897 1474 1473 3974 5746 3017 8155 295 
4661 7666 7252 5225 1810 7154 8261 9019 3967 1142 4609 6401 5759 993 2340 4312 2390 6032 4712 8982 
1191 123 8422 307 2606 4250 2921 2814 9769 9761 366 462 9457 890 168 1606 7894 6477 1952 3635 
8889 399 6985 2005 2579 3029 6305 391 7586 1971 7844 2493 3829 8005 7819 794 332 1688 529 9291 
1266 7686 5510 5284 8855 1053 2797 1924 262 4603 5024 8119 2309 8201 99 9112 7003 3376 7862 3265 
4172 1932 5300 2257 6159 2043 2552 1464 3312 2674 6527 514 5042 861 8488 4205 9564 3553 6328 5001 
6772 5888 1995 8540 970 1975 8116 4719 2203 8967 4966 4392 1190 9455 2651 4820 2698 7810 5553 2017 
3982 5658 9237 2165 1051 2809 7527 8671 8484 3656 5773 5128 6054 4302 2212 4885 3482 1054 4976 9084 
8279 3006 2981 3553 4676 4559 5742 4268 1211 30 955 216 2441 1462 1288 8234 6674 7711 5031 9884 
4962 3047 6160 773 9262 6155 4015 5239 6697 7891 139 2981 9763 1704 263 9199 5019 6530 2146 1355 
5733 3938 9769 66 2758 3704 9291 3876 3148 7122 7693 921 3179 5186 3892 8853 8754 8315 6448 2534 
7404 3352 7785 621 6307 8265 1089 3255 8750 8186 7880 2215 1755 6706 9311 4418 3752 21 8836 7575 
5019 4038 8636 1497 1634 7533 6991 4890 9829 2817 1036 2053 359 3586 221 7512 139 7013 1526 3949 
3074 6045 9335 1715 7283 8994 3857 3838 7972 8081 8245 6439 3765 9776 712 9793 2636 1644 5907 3466 
1146 3457 2998 7050 5421 3669 1100 4939 5759 1249 9130 5796 363 4797 8562 4628 767 9271 2692 9768 
7853 3328 227 8089 9020 5491 2645 2341 5500 4595 1460 5368 3751 4304 7123 3222 7378 6469 138 7480 
2755 7473 7474 3025 5388 7680 4588 5100 2085 21 9259 8548 7368 9766 4306 4735 326 9220 2680 152 
7735 166 9704 9496 4047 4529 8357 1312 7579 54 1291 7285 7339 7112 1664 2040 6986 5624 122 3809 
9448 6847 4186 5271 856 8695 3366 6687 7429 2150 1556 1967 4528 8648 5665 1598 101 5289 2722 2202 
5420 9500 5138 8548 523 26 5051 9084 3400 3242 4144 9077 6779 7577 9414 9301 994 8855 2866 2380 
8271 8526 1101 3742 1756 9119 501 6814 3663 4810 3757 6488 8 6298 7429 7803 5959 1740 2452 3298 
3946 4538 9889 3662 3252 9672 3361 3282 3946 3449 4171 7146 2007 5727 264 3368 7167 5741 3750 812 
8208 811 9163 1152 2500 278 70 2781 771 5409 2689 7806 1526 8156 4259 1983 6934 9519 978 8401 
9059 467 4069 5677 528 1629 6887 4466 1564 7480 888 6621 9996 3950 6878 6100 4019 5602 986 1423 
6995 7389 5877 3363 6989 1412 6136 5724 9781 6386 2938 5847 3041 823 420 4985 4208 1196 5041 8112 
2631 6434 577 9108 4214 2263 2989 7816 730 2804 9124 7699 6011 245 8132 2742 6118 9397 8021 6234 
8501 5558 1487 3575 6921 618 6571 9427 7898 2242 8087 9045 9701 400 1667 6101 3316 5690 1769 3826 
4364 5022 2922 5007 1696 8540 2930 5099 5746 3685 4813 1643 5818 9646 8260 3862 9247 3105 144 4205 
2914 3936 7311 4406 8458 3238 7203 1620 313 1580 1335 2372 5438 7445 8382 3413 5748 1943 9876 949 
9800 4342 2134 3493 1256 9215 1453 6168 3830 2062 581 9181 6699 972 7228 5062 1049 8520 2773 1285 
3449 6641 9548 9394 2867 7309 6149 955 6204 4889 7293 3481 9882 7902 4626 1850 7858 1580 9438 2545 
4802 2054 5534 3990 5643 3177 2802 8651 5318 1802 9965 780 2184 4459 7275 4242 9792 4522 5490 4324 
3661 8023 8706 9658 4012 2287 9206 1568 7486 2441 2908 244 6089 2925 737 9692 5573 7948 5109 5206 
8503 896 1470 5422 6314 9473 3801 3621 393 4480 3499 2532 5145 6196 5845 5774 1683 398 5590 9866 
8271 7579 3466 3221 8188 6583 7632 915 1757 8264 794 734 6397 1934 5886 9261 4643 7316 7833 3474 
4800 7043 4978 8208 6645 6484 7308 4678 4354 6064 6358 5053 9962 9270 1565 9898 4914 4375 9089 8992 
6711 6226 2676 4437 6047 5191 3215 831 6791 810 2287 4363 412 5943 9308 1050 1526 2636 1978 41 
4974 2423 5929 4683 4945 9932 6423 6165 956 1347 8406 7477 6439 3933 1447 4704 382 8721 5477 2759 
6314 8679 2095 1269 3055 5167 701 1496 7470 607 8100 649 2123 3496 5684 7690 8921 7795 5294 6539 
481 142 8979 5960 5425 7181 6632 9699 6257 5134 2614 6393 2496 8957 382 4196 2797 3073 969 317 
5795 8641 8877 9851 348 3591 7867 412 1030 3439 7413 9615 2770 4491 94 2476 2889 7447 6874 7649 
2665 915 8084 7466 6158 9731 8350 1291 556 7119 147 1949 4695 3847 9257 5859 8773 1783 4690 3895 
796 2003 2705 726 8902 6943 7017 1637 2259 9390 3137 1615 6957 1589 1524 412 1302 2666 2854 2783 
157 926 3280 5644 4864 4261 1004 964 4140 5182 2700 2382 63 7219 4357 3492 8302 6175 8985 423 
963 9350 6642 432 3807 230 3802 1973 4557 5768 8487 5667 4038 9123 6948 3998 1745 3757 8011 2435 
226 5375 5871 4837 2563 4628 5205 4924 4449 1245 8786 503 8029 308 4303 5081 4195 3723 2778 8855 
7751 1633 71 7325 1563 3696 5475 3768 8397 2582 969 1507 8189 5421 4893 8609 8477 2153 7045 2131 
6801 1790 3880 1047 2949 5132 670 1102 4318 3304 6999 8328 8968 7624 1545 5422 2863 7194 9713 9596 
4058 4113 3914 7577 4913 2045 7083 1652 1343 4455 4698 3517 6466 8806 1822 4429 4111 9808 8307 83 
8963 961 5511 5579 6053 2497 9713 7565 8951 6485 5505 9088 9659 1972 4722 4137 3345 7300 4252 9476 
7950 1809 5703 7933 809 2313 3577 524 5792 5095 2912 9211 5895 3769 6412 7653 4000 1296 6291 2764 
4518 2549 7304 8087 9987 7011 3958 4630 7202 1780 246 8884 7871 3707 8416 1032 9898 2315 317 6728 
4714 850 3115 8698 6462 1382 4363 2392 9263 9403 1156 9008 4433 7997 9834 9061 920 4512 6601 741 
2935 4738 7387 8328 2452 2522 329 6866 6616 5695 1630 9157 1522 6903 1479 2934 1675 8747 4135 8426 
3476 8499 2951 6172 3739 8867 3963 5230 3421 1409 1311 9786 2677 7378 7184 9524 4275 1761 5607 6686 
1191 59 864 7927 1820 2138 7481 7617 995 91 7574 157 5860 9934 3601 9750 3113 7786 494 5910 
8838 874 3517 1833 4320 4120 5353 2972 7006 8980 4733 2993 9389 9042 8358 3490 9421 8221 6980 624 
4697 9084 250 6631 3284 7167 308 1679 6190 9525 1000 8546 9207 9758 9558 4981 1626 4216 153 1093 
1130 5176 9727 3487 4299 5383 1685 4347 9159 8855 8380 6150 2593 8496 2472 7979 8054 7499 4982 5518 
3983 3466 3869 5605 7091 4226 5598 1314 7018 1334 5990 7153 8316 6945 3234 8507 7207 5471 2017 3109 
7328 2841 7989 3400 9984 2268 3635 3165 9728 6533 203 3429 4000 1147 97 866 1248 6472 4073 9126 
2498 6325 4914 5334 5302 1474 6009 2842 5701 2591 206 2996 9914 7961 6531 9626 7258 4500 9985 1538 
9236 3681 3685 4681 5508 3437 5112 3279 1825 3287 2076 403 8790 539 2450 8471 3598 1599 40 1968 
5320 9881 2639 8220 7514 1499 5803 7583 8482 1660 4772 8508 8792 7700 5514 5965 1263 1844 9525 4800 
1514 9216 6330 9182 8027 7034 6729 584 7879 988 1827 896 4933 5522 1402 1025 4405 7106 3776 1932 
941 9960 4657 1393 5055 4210 4813 7814 3750 2276 4157 5799 2463 2649 1991 3274 3701 3976 1949 7085 
1140 5743 1423 8271 1999 4926 7729 6391 5229 9010 791 9109 958 412 9324 9252 9020 5949 2834 5544 
5869 4705 212 7161 9140 3670 4392 3212 6055 5111 8912 4235 1131 1529 6095 7664 5083 7985 2600 5155 
5848 927 5010 1677 7018 3644 985 5849 9045 428 5486 7238 727 7983 8318 9003 7085 5770 8256 104 
9205 5260 2471 8164 959 5376 5159 5064 29 6847 6981 3848 1801 7726 9911 6025 9173 4283 9931 7300 
8957 5840 5924 7077 1417 7858 8254 5264 2078 9337 2563 7873 181 9931 3350 2334 6387 2055 508 7083 
4199 8747 7306 1194 5395 3555 4682 8317 4802 2271 1607 8377 4583 9791 9288 3945 4358 141 4714 9388 
6956 4407 9237 7244 6856 1016 5104 7948 5421 6067 9937 9133 8976 5851 6157 3085 6892 1905 7597 1900 
2549 3738 801 9980 1849 2636 206 9973 7218 4374 8340 3171 8025 8026 3835 3165 5108 263 4523 1170 
7408 8215 2650 2433 3962 4609 879 3397 3367 7548 1366 4731 4371 1650 9117 2306 8694 1868 683 9774 
3107 4399 9152 4937 2778 739 5592 2087 2157 3292 809 7892 9840 4951 2971 44 7561 3891 2807 1398 
9783 9465 504 4734 4815 6825 1327 6606 4914 9234 754 5016 2042 4974 6196 3458 3427 3240 8528 1871 
9126 7739 7263 9638 3729 6088 3529 4561 7506 5459 1720 6756 6930 9291 1623 584 3135 5076 5130 883 
417 8899 344 2518 6942 9749 4978 9571 6456 9436 9079 9656 3444 1127 6336 4445 8567 7981 3943 8357 
7753 2278 2789 4916 7915 6294 5752 9486 612 263 9667 9464 9511 4818 7663 8509 2288 8937 7488 703 
2462 484 2210 4248 4923 1926 3538 6171 7621 8603 6153 7372 1681 5520 5939 4537 8694 5983 8158 372 
1668 6166 3918 2974 5496 9027 2333 6401 8263 7534 2832 5801 7415 3491 5812 9169 7213 9386 1063 8662 
3761 9157 5380 7450 8015 3045 6870 1655 934 5242 1021 3277 3955 6037 79 1258 344 8203 5045 853 
2965 3096 3030 8711 7048 8477 8050 8343 2945 2921 2036 4817 5614 7455 5834 6930 342 9289 7665 4146 
7969 3801 1850 8606 4804 968 601 7649 1979 445 9372 1582 1982 3259 2264 61 6182 1767 7710 7983 
585 4853 9197 5920 6960 2430 5714 4489 1114 3920 4602 7374 9306 4130 3800 1626 8556 3362 8321 5221 
2053 1022 9044 3456 6871 4571 3976 9485 4003 4933 78 4749 4041 4595 9478 1287 9163 7702 5997 5122 
2081 9198 2835 5680 7541 4009 3627 8743 1998 9913 5659 3468 8618 5633 83 3758 9220 2012 8731 7181 
6997 7465 6757 4581 6694 535 3026 8299 6020 8985 1361 3138 3660 6919 8161 6810 998 5633 2359 7238 
9871 7104 5275 9785 238 1002 7709 7373 8216 6177 7093 4975 2286 5002 1960 1450 1940 8069 3782 2622 
9757 4206 3008 3293 4402 4190 6728 434 8641 8350 5489 8430 3890 8922 8597 5840 7701 6382 8788 4672 
7319 7504 3386 8489 4164 5737 6394 6913 1686 5345 6950 6118 4859 2854 8081 4470 3028 6905 1691 4059 
8266 6165 8587 8065 3596 1564 9708 2406 2579 9808 3662 5565 3622 9099 829 1518 4681 2524 3023 5805 
6768 8671 2742 4118 6818 9943 8405 5026 569 7450 1472 8569 4005 633 8796 1076 9904 7771 629 1773 
1628 7973 6334 710 1721 5672 131 8930 131 3974 8539 2740 6391 1170 7017 4850 2230 7316 3938 1621 
2371 246 5081 6576 5350 4879 9029 6155 5891 7081 68 7819 8036 6256 7561 5247 8515 4713 8768 6121 
2404 1244 9667 1223 3007 2048 1717 9998 3819 5090 1899 7954 8310 7746 8923 6740 1025 298 3468 1161 
7576 7611 5581 8114 1216 4261 7249 5229 6040 131 5352 6168 18 3009 5866 749 8923 8972 2316 7534 
5990 9508 596 3342 1127 9792 7017 6442 7898 8030 8596 4706 996 5637 7187 40 6146 2329 4348 8324 
9006 5434 1167 5425 6720 9642 7812 152 3888 3897 9539 9335 9769 1743 3538 4717 3897 9797 1881 2997 
7574 3120 8097 3980 5627 9275 6283 3536 3151 31 4158 7224 4822 5714 3144 7642 7873 170 6053 7181 
4401 3900 9037 9051 985 534 9992 3186 6449 7925 6941 5240 2487 5203 7080 9689 3280 1040 1545 2447 
5340 9164 4073 4620 7399 127 3880 1110 8075 325 722 2447 8467 5193 1680 9488 5259 1181 6778 242 
1859 7443 7850 6233 6978 1068 972 4542 519 1674 6353 1431 1067 611 6755 3589 850 3045 7811 8793 
8433 9600 6014 5123 313 2405 9102 1177 7857 5545 6508 6769 5538 2549 4388 6331 2459 9150 1041 3310 
4789 5548 2391 1598 3121 3001 8079 4134 4958 7719 3485 4327 7783 1278 5853 7485 4200 5506 1628 2090 
2256 2173 8819 9938 5346 4078 5726 6563 2023 7661 123 1022 4062 3817 7470 7238 7523 6048 753 6900 
4317 7547 4569 4645 736 4308 4196 1201 9955 6469 3342 2328 5453 6494 1826 4538 7001 5617 8302 5075 
7384 3838 1199 8274 4661 9974 2235 7381 7155 7583 2590 3043 5587 8083 1676 8341 7090 9781 4630 5298 
2191 49 8583 7237 90 9247 1854 2445 7672 3044 8678 9297 9859 6820 8064 894 31 4088 2978 7758 
6903 8903 9625 5862 5605 7605 1978 6205 9824 7493 3927 9396 9488 6060 1949 9031 6045 9572 2569 862 
5957 8105 7259 3872 5309 6116 3442 4965 3903 8497 4151 1237 9025 5583 2134 5890 7718 6531 455 4784 
8926 3593 171 3213 8889 5769 658 5072 9768 3634 633 6946 5444 9893 6176 787 6072 993 3658 6203 
9001 438 7934 1247 4631 248 8074 1259 747 7282 1767 4818 1232 1828 5783 1327 1438 3435 2187 9254 
1329 1548 3329 7677 1816 3196 3307 2449 6746 4639 8043 9286 8387 1531 1738 4606 7147 7288 2248 709 
2520 166 5517 5415 6906 2235 3358 1518 7620 5624 7099 860 6379 663 2838 7746 38 8259 1534 7883 
8709 2771 3145 6936 3151 1492 7232 8424 2835 226 1956 1875 6976 771 6734 5795 7344 5313 7220 128 
4527 1058 664 5703 3113 2678 5194 4582 8721 7548 1310 8246 4159 4304 2488 8021 993 7765 8244 1680 
594 2091 8370 7625 7607 3261 7854 5611 9846 2698 7918 1927 354 142 4260 6505 9697 9821 6707 4220 
8094 2043 5759 6407 2282 8363 5725 3 3854 7618 2889 4521 2331 3046 9927 8621 3650 7880 7809 8241 
4528 619 5007 7959 2513 433 2868 4616 4790 4865 1541 1482 7041 7238 3668 9472 6012 8759 4283 388 
2777 8862 3765 7786 4644 9000 9430 6625 7077 1784 5322 8891 5298 4312 4667 2358 8353 829 2348 8390 
7595 8437 6754 2753 8332 8656 435 1623 9975 7512 1814 3484 71 4799 2234 2932 7280 1252 5187 1338 
2339 3953 2014 5916 368 6291 4790 5366 5030 903 7263 889 2902 9102 4736 504 8342 3564 4190 8255 
785 4899 195 3329 4107 615 781 2204 4675 4414 1266 5275 2449 6134 3362 8584 5886 4514 7477 5339 
2931 8003 1331 4372 9290 5455 4162 4865 3057 2080 5290 4892 4061 3259 9509 6501 1418 1180 1474 6375 
9936 6187 2600 5689 5922 8941 3111 1715 5457 4393 6299 6955 7309 1252 2058 4107 443 2748 6460 6001 
5057 7166 6523 1875 5550 8965 9936 7596 488 5824 9532 7432 9885 6350 5688 8312 2763 1960 6500 5938 
4667 11 1100 152 9815 4272 5993 9795 7869 6938 2563 9083 5851 2396 7492 9478 2634 3684 7496 2572 
5672 3576 4897 9666 8077 4907 4966 4491 495 2796 7739 6583 6913 5292 7436 9878 8246 9386 2068 6430 
1187 7852 8938 9109 4579 2940 1610 9499 4516 2861 8178 2166 4574 9032 7139 1116 7124 3095 311 5431 
51 125 8194 8200 3287 9905 8144 1163 781 6901 1774 9010 6307 6135 7429 6432 316 7155 913 9157 
4560 1731 3217 7665 6367 1380 1078 3527 7926 1654 1966 9135 6298 959 8826 4056 2002 8893 8603 3096 
3841 9399 8252 3153 6576 6606 1673 9571 2507 1397 7949 5240 4018 314 1817 6735 1935 416 5744 2552 
1975 2906 3903 2569 9369 8534 8746 2203 8228 1380 1426 4500 790 2162 6114 5921 9934 1750 8265 8592 
531 838 2786 7608 8029 9591 2190 8085 1185 3952 1204 2004 4219 8346 958 7335 7796 3334 6261 8293 
3474 3131 7671 4033 8847 6731 3572 6069 1873 6081 7209 6716 9512 9050 9923 7657 5591 4893 7461 5127 
6778 5863 3461 3741 6166 7191 5344 9757 7982 9331 7790 8730 785 1830 8176 100 3200 5062 9894 8274 
8861 7126 3469 6154 1616 757 7493 7903 7331 1296 8945 7640 8669 9051 8040 6217 6844 3287 5048 4481 
9131 657 1178 2207 1363 3383 8832 8849 8382 5176 1643 8554 5814 7270 5098 8511 5468 5242 8124 1935 
901 4469 5110 1501 9535 7279 4337 4059 6833 1086 3498 5172 3568 5251 4973 9814 6078 6484 6924 9259 
5084 2690 1416 19 385 2104 2467 1311 7427 2927 6812 4668 3233 2575 8041 1001 8435 2054 3251 6311 
25 2670 1115 7805 625 7183 9403 3669 4740 8193 1287 1735 8704 2091 9009 3455 352 701 428 8013 
5430 4358 4921 8378 9467 9171 989 994 6174 5429 9236 8546 344 6702 8942 5630 6993 8647 7911 3983 
3915 481 1765 6616 8859 9414 6026 5540 1480 8619 633 1582 3884 1557 8358 8093 7927 4324 4246 9865 
6067 6208 1030 5262 5251 2863 647 1324 7812 4289 1206 3704 6149 504 7082 9715 3347 3591 8327 7301 
3069 1077 5967 6950 9239 2590 2952 7353 3529 7671 2233 4101 311 188 3166 9937 5148 4583 2010 699 
3279 3311 7404 4437 8680 7371 3771 1420 8476 6641 6507 8438 9379 3440 9601 680 4843 390 8467 4274 
3590 4287 2552 968 5150 1915 8991 8061 9576 9146 6892 2766 6118 1334 1037 6280 3431 9805 9867 2007 
5721 6986 4219 12 5103 6351 2516 7641 141 6561 9819 7853 6656 4256 7897 3735 9883 8850 3391 6888 
4715 1483 8112 7722 3500 5322 9916 711 2965 8547 8846 4983 6527 8900 6283 1225 1299 7351 2122 3117 
2656 1315 1523 4700 9148 2351 9232 6773 8450 8676 9040 6405 7674 1710 8330 3986 9958 4735 6399 4676 
1384 3296 4552 2993 4369 5093 2879 7283 8084 9723 1929 1111 1753 9216 3808 8725 2318 5055 6287 6839 
2840 4551 7639 4185 7623 7288 8543 4107 8391 8457 8264 1381 9283 744 2846 7288 1316 8127 2586 7693 
4135 2543 2436 8780 7756 2940 7494 8411 3370 405 6508 6129 1905 7150 5624 7942 71 5276 7650 7833 
996 7004 3996 1341 9 3504 6947 5169 1851 6855 6097 7531 6590 1480 6592 8128 1212 4731 8649 5410 
8789 2468 9674 9623 2000 7356 8630 3730 559 8270 1271 528 6656 1451 9566 6608 4576 5531 315 2752 
2139 8865 6888 5377 5070 5385 9311 182 5502 5616 7549 2366 8049 6752 7198 5964 5737 8455 7479 1839 
5265 2323 9874 4979 9072 3996 9492 6899 9755 8574 4299 1240 3719 3473 8099 691 5148 3639 6968 8195 
9717 3521 9173 1236 1427 7678 747 7348 2561 9905 9517 5635 5635 7598 5336 5031 7704 8882 6816 2664 
7406 8636 6838 9470 9124 3435 837 1510 1338 1045 7292 8859 4885 6304 3414 1783 1024 3201 5669 2821 
8380 1568 5821 9857 6135 2772 3980 8015 4986 9424 4535 6421 1581 761 8640 9830 4629 7203 9636 9692 
622 903 6544 2417 6691 7219 4244 5034 1162 7854 9968 3281 5133 326 7531 1037 7923 5000 4402 1712 
7181 1067 2301 4541 9692 5722 6893 1396 3039 6252 7570 5547 4410 9970 8857 9978 3555 6364 2115 6915 
1190 4008 784 5437 4953 5400 9802 9148 1993 8095 1903 4702 5139 2983 4694 2964 2271 2194 4562 3867 
9142 9308 5700 7430 1988 1721 3914 7962 5672 6320 9782 9669 4953 6835 1146 7468 6019 6058 1247 1360 
9183 1803 2981 6652 7888 5017 7349 414 4906 9078 2626 9407 6957 3525 3117 3297 7935 8801 3848 2324 
2935 9187 5266 4277 2533 6676 6801 5395 3008 5312 9230 9743 8712 9171 3866 6591 601 3987 2895 2959 
9841 4249 737 9062 600 7037 3203 6416 894 9181 9542 1805 4883 6985 1627 9717 3392 510 7914 8454 
7475 3182 1467 252 2631 1480 7218 171 786 7098 280 2428 5160 7919 1636 9778 3292 5750 5896 5735 
3751 3265 8856 2840 9537 4278 4821 650 9884 1782 4487 1528 945 2423 7258 2826 8002 8577 8271 5859 
9934 6721 9188 631 3507 6077 5870 7767 4573 6101 9697 4875 5021 3890 9666 7963 5893 5102 2148 873 
2991 9327 4766 7534 2525 6529 7598 7376 5788 2047 2935 1884 5026 2974 5270 278 5814 5014 275 8955 
5534 174 8994 6847 2595 915 9416 1271 8258 4005 8651 4373 7612 7358 1139 7804 5580 1951 3165 863 
9368 7560 5198 346 1969 4148 3171 5212 9029 2159 2983 8336 5092 4069 991 919 5999 4937 1247 1171 
476 7614 7759 8514 8310 4549 6184 4997 1634 836 6713 7580 8828 8303 6486 8432 5248 342 8479 3821 
4388 4347 7855 6554 8866 9582 3371 615 4644 3959 4874 8289 1992 6799 8116 7524 3555 1483 2579 494 
626 4341 9574 5932 1211 6505 4469 2211 4914 6842 8414 7181 503 7119 6254 799 5325 9133 4395 2227 
6358 5409 7694 1478 5689 1114 2766 7167 1478 7185 7735 2555 5696 1863 8106 4754 7497 4297 6382 3063 
8028 9746 5092 4833 9699 4029 5416 1969 7368 4822 6435 3391 153 2060 5101 7365 2980 8436 2768 7144 
7650 5789 9592 7887 5137 2732 5175 1681 8250 5492 981 1151 5553 2163 8468 2715 3882 4284 2529 4404 
5640 9916 3703 4879 1968 2475 1981 7860 7965 8642 464 6306 1677 1475 4315 7759 2649 6537 1474 5519 
2338 5629 5023 8832 8294 2786 9971 6849 2593 4029 6222 4589 3760 1765 4362 8120 7361 6995 8946 3908 
7895 6118 6096 7488 2282 1638 2563 4686 1931 1314 5647 8896 6212 2120 1887 6638 5582 5025 9461 934 
1532 2327 9170 8768 2453 7011 7777 2973 5407 9319 558 7340 7303 5509 3397 696 1901 5642 7540 9202 
6875 5899 8706 326 9782 6314 3097 5420 2062 8405 3822 6990 6912 6315 7298 3185 6538 4715 8849 4066 
4014 9036 1015 6126 192 2515 8402 5773 9082 5444 1619 7197 7039 4616 4558 3863 2027 4710 5505 7551 
6281 4290 2530 3693 3935 5519 8208 9587 4468 1778 2891 4683 5634 8804 4640 8671 6839 6164 3581 6260 
2965 4503 9459 8163 2232 8012 7528 853 3207 5745 428 8747 9268 8331 5668 6679 8399 758 1746 4299 
3431 6138 8550 4620 2495 9782 5597 4226 6895 731 3432 6255 3809 4919 9448 3193 8060 7693 4228 7526 
3983 3838 3981 3539 323 902 5401 9249 530 5029 6955 1613 7942 7000 2196 1946 6825 6291 4179 5980 
6972 894 5400 4948 1140 1097 2710 9283 9503 1789 1478 3741 2197 81 312 5020 1033 2486 8949 702 
6541 5343 2112 9804 2117 6352 9419 7911 5061 5906 6085 2161 1012 3824 7665 501 2273 689 1378 1637 
5444 882 338 9326 9150 6415 8610 7290 3674 574 5835 4817 2421 1001 340 1597 1913 8454 5293 8345 
9877 660 1799 3332 2297 7220 5894 5128 3180 7474 9711 6738 3136 2670 9019 765 9070 91 5838 5824 
667 5300 7713 1632 844 1062 875 3475 8214 622 5262 8323 8910 4623 8958 2298 3791 7935 7820 6000 
9738 4352 1905 719 7255 870 3670 1823 1721 810 1488 5955 3824 3738 1385 9230 3160 9194 6041 4035 
4479 1035 4116 6025 5764 7062 8588 7495 8363 8422 5831 993 7533 5439 1804 383 2412 31 1687 8983 
6323 1663 4284 342 3708 245 7240 6128 1660 9482 1043 3073 3353 3379 849 687 6891 6558 8680 5343 
8016 3643 4683 144 426 2868 5653 6695 387 4571 9250 2712 6849 8286 1847 1598 1620 57 1826 9208 
6923 5017 8652 3233 5255 2968 7978 8105 2520 3418 5395 6085 1379 4051 7228 2063 2949 4579 2159 107 
6225 8335 1386 3544 4981 876 2436 8623 8859 7978 1114 1180 1931 7580 3064 630 9454 1600 1459 7276 
8045 335 1618 8589 1143 7266 669 1476 7938 8446 1134 2815 809 4718 3557 3978 9860 1708 4935 3501 
9558 8444 6278 2895 4767 2805 1227 5332 2529 4701 3040 9306 5823 1344 4906 4045 1393 2988 8132 8066 
7061 5772 3095 7446 3376 3662 9413 6963 1970 931 3749 219 792 8099 968 8580 5386 5371 6298 7169 
7684 2740 9700 6521 9187 9025 63 6855 7717 9445 3587 93 1986 6510 2717 9973 3898 8274 1838 2085 
7332 8804 1936 4078 4502 4211 7461 7953 978 1680 5736 3151 9437 2233 8228 5596 2395 8119 1123 9023 
38 4832 78 2025 4926 1034 6212 815 7418 4797 3814 4693 9484 804 6431 89 6563 3712 7136 3002 
7274 4328 8697 8467 1038 7232 3236 5479 1868 213 8908 7962 8921 1107 8731 9770 9691 1059 3376 7465 
8260 4789 4447 840 16 9990 2563 6657 500 4557 6047 7873 214 8535 6434 32 107 541 3016 2047 
2411 8496 5149 9676 2017 5729 7404 8853 366 622 7078 8951 5118 9820 9295 7985 9586 8590 7842 7306 
8348 6768 9412 7340 8026 3186 5510 9835 5929 5412 9780 3078 3898 5211 5962 905 3986 1037 3654 4780 
7788 1758 2137 5468 2489 5688 440 3284 7496 5216 6799 2280 624 2139 6740 2701 2025 2893 7673 5560 
9547 5081 2331 6194 6479 8490 3656 6516 7378 7932 8413 3781 2695 1992 701 1613 3947 2667 4510 7637 
804 4690 3454 8190 2627 1747 339 7210 4057 75 7135 1818 5654 6432 9346 5349 5420 2706 8698 6802 
9810 19 197 1955 9397 3823 535 318 3512 8106 4919 4617 6588 4565 7427 9296 4314 6845 804 8118 
9005 2656 2621 3126 7966 6092 8861 9477 9879 7254 1092 2855 2936 3812 1921 5610 5288 6024 6282 1202 
4259 5065 277 562 2802 2383 1315 4132 8393 6475 7789 1765 4073 3665 9654 9504 2054 659 7424 9557 
8611 3451 9082 3478 6888 9412 2839 5678 758 3285 6346 2462 577 8700 8925 502 7820 6915 7249 5644 
4691 3074 2208 9884 6657 1729 1134 7340 7890 167 2622 2426 2307 6212 7265 7604 966 9943 2953 8724 
5073 5917 1803 7990 4949 4103 3155 3479 7501 7430 5538 7501 8157 9382 1970 3533 6281 2660 5450 1933 
7143 5821 2700 6662 2877 5733 7564 5 756 6993 1740 958 9823 8705 8226 2621 4612 2013 5899 6283 
4712 1419 8024 266 4074 8747 2790 7310 3365 2063 3005 2599 313 1785 8606 5214 292 1939 3135 2508 
8793 6582 2051 3570 6578 3479 4130 3560 6514 5044 8184 358 7331 9527 7993 7512 8798 6740 6994 2945 
6522 8773 8267 4992 2955 2176 3000 9159 1787 4593 4319 9454 3399 6537 1972 3763 4816 963 5855 9803 
7554 1647 687 3466 321 7997 7624 8971 2174 7111 3880 2364 3978 4043 7656 1385 1874 3060 9118 84 
4168 1588 222 3118 5666 9936 8209 629 1355 8904 8254 5161 5832 7073 5236 764 6422 1025 8218 8086 
9934 806 1597 4594 9066 1556 7417 2649 4049 6825 9299 4425 7390 63 1411 6209 4623 3597 3791 508 
3705 4090 9106 1047 8121 7615 5003 1697 5509 632 4450 8622 7089 4871 5173 7672 3358 4004 5569 3714 
941 741 540 4666 9617 8534 1871 8795 6882 7110 7297 5292 8445 1582 5567 3673 104 8878 7223 2652 
7028 1973 8692 8247 6588 8876 4292 3456 4810 9680 2900 1673 9177 8827 7133 3435 8021 3614 1272 3248 
9886 557 989 6570 5531 6887 5417 3026 9322 9344 4734 4368 6502 9692 996 8468 9906 2171 8989 9200 
8146 9148 6150 5490 9322 7791 2906 5281 6461 3274 1777 3619 6119 9255 5877 4600 5622 9001 8453 8839 
755 3386 34 9827 7951 5250 1158 1674 3848 6902 6853 4858 2955 3002 3196 4688 2915 868 3382 6879 
8095 5519 1630 329 7138 2472 5694 3948 756 3689 9030 3740 3350 4032 8984 9593 6739 7051 8207 5213 
1986 9842 4624 1620 3079 9584 5577 7896 5705 4912 4839 5736 2030 6304 1539 101 5043 1988 2396 8537 
9800 5738 512 2708 1896 4358 2563 4804 86 9786 83 6352 5954 2131 4002 9825 7371 4722 450 6718 
9151 5253 5855 8402 5038 1234 5813 4044 1885 175 435 1603 1718 9697 5591 404 2668 4992 4617 3162 
5308 2931 9924 2520 1391 9325 5374 6341 6332 1427 6361 8517 10 6648 9538 8800 7187 8136 1959 7330 
165 7661 1878 1294 8338 4177 4736 3983 6055 2001 3068 8909 3017 2922 5256 7704 6427 6787 4122 389 
6460 2567 9140 1826 9950 6461 7302 5255 5361 9766 4910 7834 5854 7122 1930 1295 3856 9919 9566 8379 
6732 2783 5361 403 7105 1908 5538 7910 7530 9035 3768 4227 4961 8899 3494 7960 3246 6632 3310 5881 
5164 5761 7004 9209 6973 8418 5299 6152 324 7086 21 9642 816 7740 6428 1551 9688 53 9910 8180 
4385 5240 3597 9589 4989 2778 4852 7021 862 2605 3181 7948 5304 3644 3543 1971 3877 4320 4981 9743 
4338 7138 5258 9120 6790 2670 7232 21 8370 768 9785 1382 9284 6109 6764 8158 9366 65 2193 7394 
9091 9968 3368 1266 362 6379 450 5372 5915 5826 691 2215 3358 5696 4944 2866 2723 711 1379 1209 
9283 569 6909 449 9206 8560 2875 1314 5774 2170 6657 1534 6209 7109 5730 4481 7796 4515 7506 7287 
8034 762 9971 6292 2412 1867 4155 932 1594 6636 9463 3312 8800 3492 8169 3193 9707 1891 2812 277 
5019 6300 5736 2403 171 6656 2785 3628 7115 8391 858 7592 7407 4813 5159 3002 6656 2216 3264 1082 
3040 8945 1489 173 5611 6614 7742 8818 7849 811 6276 2939 6047 4889 6763 790 4325 7396 6263 8183 
4915 476 414 8741 9061 1120 3988 5950 9854 1193 1425 7799 4968 8075 805 6995 7017 8243 2226 4303 
577 7260 5223 24 3344 4309 5165 9642 6869 4039 4585 7495 4912 1413 5442 4288 6937 7829 6045 2178 
1418 7029 9524 2064 6183 4043 9622 1000 4510 4510 4184 3301 8505 8139 8120 6177 4609 5348 1074 213 
8316 4747 5531 1998 2087 1607 4107 973 1375 9761 2856 2524 4904 9614 8733 3720 6993 7512 4169 4255 
4511 7819 8532 5031 8789 3593 8349 8617 2565 8363 4350 1576 1777 7461 6753 7522 1690 8277 2284 6994 
8250 7896 1127 4911 348 2088 974 5556 6361 8645 6146 8493 5822 8031 7354 9211 6104 3229 6120 596 
1778 2222 662 74 6773 6698 7022 9910 6958 2771 2537 5585 8190 4861 1375 4431 1835 647 8909 9848 
6099 5478 5573 8580 7520 1165 383 5570 967 7210 5486 9846 4875 495 3277 8605 1279 4540 3559 7198 
9928 5926 7910 6686 9328 3654 4308 2720 2551 9936 6749 6743 9716 2110 758 5273 8154 8009 5670 4003 
6965 7172 9330 8995 260 2389 6855 5718 0 2240 4560 5758 5418 4625 7640 8383 6484 4246 2585 7766 
4949 4903 4243 1462 8432 8163 1544 1089 9966 2952 7684 9168 6279 3918 2282 31 3696 913 4121 1976 
879 1290 8749 8586 6362 1001 7682 9254 1997 5184 3988 8421 8522 4463 7970 1449 9962 2519 624 991 
7138 2845 8427 446 6945 8446 3368 5455 5973 2153 9126 5992 4318 1582 2834 2023 4058 7297 5048 375 
3935 6730 4423 7586 3496 8108 8382 6932 8119 9407 7186 1607 9048 8669 7745 2576 7334 2582 2001 2405 
5382 17 3522 7738 2257 3631 3282 151 1664 3501 9663 119 7840 2630 1527 6448 2276 674 6987 4138 
586 8640 4034 1613 2966 9115 8410 2587 1562 4716 6537 4423 3447 1131 3761 5297 109 5875 6002 3984 
8958 3218 4490 3194 6657 9785 3511 6451 2083 9110 3741 7455 9399 5484 6227 646 9998 620 5112 9299 
4818 1490 5219 6184 4652 6990 7784 5122 2182 5341 9398 85 218 1491 1421 9652 7865 1143 3197 6911 
5463 3756 7417 3177 5956 5640 7659 8564 4118 2019 817 1691 3265 2829 4165 8700 8473 827 9930 2081 
6191 560 3570 2218 9030 3573 7324 968 9721 5 5403 1176 1062 7975 4290 9610 4130 5256 3740 6765 
8912 6596 9720 4569 3869 7393 6913 2776 5410 3640 8859 433 9628 9617 1945 4195 6088 5643 3020 9611 
5656 7685 7766 9506 4962 2427 2509 1478 9816 1584 4731 3491 3890 4164 8641 1198 8791 546 4668 3054 
5323 5753 4768 823 1442 7861 5408 1284 3923 7417 2416 8513 1303 1643 9378 7666 4177 7565 9372 1507 
9384 2195 8827 6732 2031 5942 3953 4065 1477 5460 6217 5732 3416 7521 8540 5495 2869 622 9803 5522 
5562 4820 108 381 5213 5085 275 3995 7877 9824 645 5475 102 4023 6834 2876 2426 7838 9771 6372 
2843 2954 7598 9565 1229 6532 3027 8708 56 2897 7694 6752 2835 1839 1845 4084 6796 6206 4972 1376 
5364 3464 76 9866 3127 3662 3762 9301 5929 5457 4387 3419 2796 3786 9805 6077 6222 8535 9913 3363 
1120 5922 8093 4993 5889 3391 622 8297 520 9729 4146 8631 3665 3274 3 286 8318 9262 1200 28 
479 6563 5134 1084 5389 487 587 3880 5423 4733 2227 6728 6880 2469 2331 6651 5064 8311 363 3041 
8422 8220 8601 324 9983 9273 8528 9761 2704 1097 7552 8950 9440 9990 6206 7817 3073 2468 764 434 
7669 5642 7972 358 5212 1742 6829 3810 9516 8635 8752 240 3322 6497 6789 7881 5540 4170 5062 5927 
5233 7125 4325 2470 8672 8240 5737 3750 1757 4454 980 3327 8146 1315 1296 5474 6250 3936 7543 1144 
9824 7376 9410 7834 2119 7590 5561 5483 7091 1872 7033 5398 4228 1124 9604 8783 6611 1109 2179 4265 
8612 9938 1094 4532 8699 6235 8299 3600 252 5345 9549 6738 4778 1641 5236 3602 8161 2861 9882 4559 
3488 5104 2142 8896 6669 1099 6498 8455 380 6648 6286 1476 7163 6074 6487 1348 564 8823 3082 6179 
2806 2180 9122 8629 381 5067 970 4429 4381 3547 5773 1160 9790 6780 8 4393 8289 1214 7008 9746 
3153 2221 5248 9371 1349 8323 7819 9506 3682 1018 5856 9456 813 9404 9196 7268 7373 1129 8681 5406 
2927 4708 4099 3834 6547 9675 8555 5606 84 4929 4533 6178 117 2889 2284 3220 3223 9105 1350 3780 
7495 4361 4818 8331 2148 9358 6365 2643 8398 1176 8947 5066 7322 6940 9363 1673 4738 7950 476 2139 
9289 4375 4483 3453 8524 5423 2983 3441 692 9848 7307 7230 6697 4263 6434 8311 5296 9855 2218 3670 
980 2523 383 581 4771 9559 2975 9081 5887 6044 2798 396 4885 1878 4480 2117 3642 468 8995 8470 
2417 9884 1520 8770 8202 5368 2326 8073 8884 9233 5270 4257 9075 1142 4846 34 989 2489 7885 4495 
670 1302 5589 3436 2155 1233 7134 1472 6899 5739 4694 6424 5458 4960 6855 2085 2383 7809 5377 4836 
373 6553 871 1384 8799 9006 8294 6422 1533 3269 4047 2173 4323 1266 8229 8896 9072 5851 2530 7473 
876 6680 2260 3179 1018 1786 1701 284 6349 9957 2440 1165 999 2267 8063 3632 3548 1558 9082 485 
6598 6417 5369 8761 7970 931 4947 9499 9847 9242 3167 2684 6487 8848 1359 5603 237 6780 7181 826 
8646 5848 5454 4584 2573 5787 2659 6316 5999 658 6494 9043 429 1423 7249 8454 4863 5726 498 8803 
2197 5184 6842 2933 6073 5046 5629 9315 8080 9788 4245 4435 2624 2623 9031 505 7836 6364 6327 3296 
7738 9415 374 2979 677 4181 3129 9288 782 2582 5238 2361 5421 2002 2936 9793 566 2559 913 8896 
3623 7532 2191 5227 6493 8046 1047 2435 5367 7220 2702 4576 8482 8152 6391 6137 1299 8805 582 9795 
7459 1184 9395 7780 5716 2884 5690 9635 7970 4878 9360 6269 2901 2161 9776 3878 8403 9111 3475 9147 
2642 1094 4237 3280 2923 7546 6996 4939 6474 9108 5468 6907 1106 8031 5790 7350 1486 2186 9015 6750 
8625 1895 9052 3424 8287 7520 5996 2009 6453 5201 5966 7364 1762 933 9592 9364 809 2896 7073 1483 
2527 726 6687 3157 3967 551 9050 6052 3181 2248 4754 2104 5432 3647 2075 8587 3128 5099 4262 5958 
4662 9485 8044 7763 619 8359 4467 7169 65 2047 5283 5613 3574 1823 6178 7955 7326 1325 9627 2017 
2200 4434 5182 9796 3689 8746 7297 8754 3733 4199 5443 6371 6588 3249 3105 12 8624 5374 3106 5241 
4085 4314 5629 471 9762 6211 4922 5467 5780 6004 5254 9778 2417 684 7088 7399 8473 5674 7936 1898 
9449 8936 2408 8931 4762 2928 2786 5843 8694 6687 6760 9058 3962 6837 3 3355 6535 710 3371 80 
2835 8641 2606 6795 3612 7402 8316 2115 6221 5941 9262 6471 4553 9457 5318 9146 6148 3583 5026 8331 
1088 7038 123 8719 7461 4517 9322 7373 954 6556 1529 1302 4256 5175 4647 4528 7535 1743 8597 3517 
5735 7263 4718 2476 7416 8 9252 7340 1533 1697 4261 9209 8099 5487 9309 7780 9400 9261 100 3811 
3631 9640 6984 5314 5439 4458 6293 1156 3019 7537 145 3994 4221 619 1364 7007 8651 7680 4453 397 
9995 2395 848 3328 8707 2950 514 8822 1497 4706 7735 815 2313 3040 827 2294 2885 8255 3053 4124 
2934 7122 6178 3069 8273 9917 4565 5937 4773 6940 7148 8306 945 6928 2486 1157 9618 1159 8336 8391 
9018 119 6295 3621 4605 134 4359 7704 5108 4185 9874 2571 5588 9303 29 2954 713 1066 100 7385 
1787 9441 4638 7454 5843 6468 8651 3836 4391 4054 1241 6797 2433 1664 4886 4747 8814 4608 3552 9338 
5890 9661 6488 5942 9848 2277 5014 3509 7911 9061 245 4025 2401 2436 1071 7781 6549 1580 1491 1800 
5284 1414 5762 8218 9392 9202 1482 2194 5696 1856 6058 6450 1553 5806 7556 4369 5543 5374 4880 4787 
5665 5426 2685 9878 458 1399 3026 3035 8747 5292 5139 6782 6029 5869 1359 7556 5485 5040 2374 7505 
8329 107 5288 4771 6806 2496 1193 6991 2164 5783 2192 6278 5561 3670 9615 7843 8058 8687 7421 7716 
8489 9014 9854 1970 4503 7677 6020 7470 3434 5391 4623 1818 3818 2949 2319 7122 3798 6088 7707 3813 
9204 7732 3770 5508 8949 5908 9807 2517 22 3568 1106 9700 979 7728 5272 6487 3606 1820 6052 3101 
5533 9314 7783 7314 1258 8738 4868 8161 3379 5561 6590 8327 2090 4888 8530 4271 8696 5873 4513 4704 
7266 1934 1974 2383 8013 2350 7670 3442 6637 7580 8373 6163 5593 365 6612 3021 7051 6006 1512 5670 
5939 7704 9383 24 3403 8745 3324 7869 6789 8368 5386 4039 8465 9277 1628 1562 3883 3250 2811 4999 
2641 6658 4409 3893 4945 197 6010 4110 5537 2229 978 8547 2553 7880 2553 1197 3210 9402 9419 1041 
7842 3350 4349 8591 5223 1457 5098 9128 8305 1091 8907 8313 3541 4722 3668 5608 7019 2285 8699 154 
2401 227 9492 9710 7592 4557 1528 4698 9404 1390 3204 1488 3842 1046 5614 812 4586 6029 7522 557 
8627 3138 6362 1325 8541 7968 8924 6815 1498 186 8669 516 3502 4403 4147 3818 6246 236 2297 6802 
7973 8251 6715 8204 4936 3460 4113 593 1403 5015 5177 9213 3525 2437 1965 3751 6671 1104 243 6350 
3410 3215 7475 6817 5421 971 2451 715 9718 3433 4847 6442 8680 5795 6980 6587 6874 565 6075 3603 
1696 4577 3475 3628 7995 8944 1751 6298 1052 7766 510 249 3559 6784 4418 9957 4258 6125 5176 1126 
8171 1526 654 7910 6217 8715 5059 111 6235 2876 1551 7670 461 5201 5651 9582 7818 5142 7500 5899 
7803 1414 5329 4996 3884 2738 1468 6788 6144 8334 5398 6173 5003 7497 3770 9673 3117 6696 3083 7838 
9615 6958 1665 5389 4933 7961 4783 4472 1796 6459 2592 9166 3949 6771 768 1972 647 3528 183 1345 
1419 4803 832 9974 9673 8470 6904 2328 4488 5756 49 6731 1546 8125 5238 9373 541 2110 8377 6349 
2526 756 4456 7398 1609 4579 4543 2220 9707 4503 3366 5857 520 1230 2363 9012 105 3424 4747 3478 
6269 9100 9257 4395 7312 9728 8241 7242 7721 2404 7110 1601 1292 596 3543 6040 8609 2296 577 3359 
5036 4626 606 8071 9067 4804 2219 5274 8238 6491 5815 1753 1792 7660 6391 144 8021 2457 5334 3847 
6012 6927 7082 7432 7027 4847 7010 5815 9961 7176 523 7763 4046 8958 322 5528 8183 7785 6579 767 
3262 5772 848 2339 2679 3919 3582 144 6109 7404 3417 6073 9018 4531 808 8262 4677 8346 6347 7369 
7414 2581 5137 5451 4133 4974 2038 6280 9553 6081 8649 9556 4348 9494 4059 6120 5331 1659 6131 4653 
9452 2797 7135 2852 8408 1012 6198 7055 5064 5481 536 9344 923 8564 9782 8380 3461 8886 9758 1146 
8412 303 751 1886 2012 5933 123 6813 2714 4515 2506 1917 8614 8129 1931 7883 665 3142 8854 9624 
1438 6430 9500 9152 9965 2857 8032 4040 2018 3915 8271 9460 333 1817 5130 1490 7218 9734 4021 1574 
7136 7754 4983 6051 7295 3852 2 5811 9234 1308 6956 9267 109 3552 4028 4350 2176 3416 3985 4789 
3136 448 4204 2007 6071 5730 6350 4835 2626 1989 2027 6087 1960 2390 3694 6979 1323 8337 3670 6383 
231 2844 2990 9926 599 6080 6939 2238 8311 9621 6206 2149 8244 8969 6361 3818 7247 3469 7118 6276 
9824 1308 4739 6643 7975 1689 9554 6257 4494 9588 9085 8549 27 6664 3583 2372 6226 1204 8829 4660 
5350 1380 9563 1310 8304 5003 3514 1311 3048 6895 176 3515 2352 3122 5712 6831 5985 3672 7768 7650 
252 570 858 9831 6403 357 3490 6081 560 2511 7766 1715 5922 4056 4091 3299 4841 1289 6068 234 
2231 8349 8070 2348 1062 8200 1191 8382 5816 8711 5620 4408 9274 7398 673 6457 8738 5064 1212 5217 
1607 4934 7339 4576 463 7783 5411 1944 2243 1976 4234 6209 3311 5753 6420 2793 4326 3060 9226 277 
6147 3930 9210 8729 3834 1276 615 9712 3660 2675 2528 2057 3625 1532 5823 7086 4752 9892 5816 3922 
2354 395 8321 5110 8421 3784 480 9928 9764 5001 3407 5784 8852 1077 4349 6024 7137 3169 7503 8576 
4327 9067 1076 1691 8556 6774 2758 8226 4778 7010 4203 5475 5883 7095 2699 1470 7933 94 2349 2443 
7989 3612 3274 7499 5247 3772 2755 3129 6723 456 3965 5757 8676 1540 1306 7949 3203 2599 4884 9840 
7792 8646 1155 6689 2320 4159 3774 8604 6986 4767 5262 9560 1515 1376 285 5985 4841 1875 9694 3216 
9189 7270 8630 9066 3209 1218 3079 2354 5201 3683 4078 1580 823 8549 4738 3375 7622 1543 3517 9461 
4672 367 296 9314 2171 3578 8590 9119 1510 2654 5170 1938 6281 7630 1165 4556 3978 728 8767 8894 
9212 5487 2759 985 8898 2961 510 7457 7826 9828 1341 9196 6756 6161 6495 8845 6249 6365 4176 2200 
5017 9760 1029 8385 2309 1444 3862 1222 8379 4012 4566 5349 7303 5150 7651 8203 5318 9487 6841 6731 
8406 265 7201 3879 3066 2811 9766 9581 7338 9517 3288 4305 646 2783 2537 1875 91 2365 7941 5581 
9822 2353 2431 3260 8870 7877 8311 7608 9878 19 3495 6769 1464 5019 8445 6456 2885 7712 7090 2791 
2304 1967 5577 4462 6195 7309 9539 2603 2944 3916 6399 6181 9434 3482 128 805 4493 7111 4950 6754 
5367 7920 1886 7735 4186 1053 5061 611 9482 9859 3960 7197 6848 7430 9351 5010 8833 9215 1143 5421 
6025 3014 5351 2449 4273 1373 8939 9734 5808 2904 7380 3182 2141 5756 4928 5922 1362 2323 557 9182 
7356 1721 5369 6021 1375 5623 1430 2082 7446 8522 4569 4781 5465 7166 849 1591 1767 8284 1380 7090 
6610 4077 5013 3967 3675 4442 466 3029 5650 2914 9482 5051 4847 3335 2748 1618 1023 757 3690 9490 
9430 9232 9293 8207 4291 5417 8786 8056 9601 4668 1169 9101 1737 8569 7982 2298 1957 4701 648 4756 
6368 9421 8687 1886 6761 1647 3492 7656 8854 5620 6104 7157 1204 4406 4534 4584 5069 7562 3100 2955 
3827 4161 356 7163 9064 8529 386 3971 8448 7371 3798 3363 622 3337 1585 316 1531 2086 5620 8075 
7526 4825 9987 2016 2245 1552 969 4619 2153 2517 9653 5906 8656 9135 2499 8688 6451 1704 5349 2797 
1232 1414 3439 1430 3906 7273 7091 169 4636 8896 2209 8048 1557 2696 4224 5207 9996 6897 4154 3419 
9725 8607 6641 5073 1772 2154 159 3825 4638 2162 1388 4045 4088 7956 6857 7825 6559 6593 7913 8153 
2078 2417 9183 3481 1717 9379 8865 3629 5726 1999 3932 7006 380 4891 5266 6942 8620 7174 4799 7728 
3197 964 9770 5975 9996 8503 806 2041 5224 6646 7175 4431 3765 5949 2881 5484 9884 784 2652 3207 
9375 8973 1781 9175 1257 3341 5070 4267 2212 3943 3830 1539 9733 8866 4819 1166 3730 1892 6075 2625 
179 7419 737 9920 2374 4023 989 9468 3452 3907 6149 2857 8994 6430 9799 411 1674 9482 1401 1885 
5559 2960 8167 2685 4024 2622 6283 2295 5355 4479 9883 6684 2243 4485 7852 9903 3044 4981 8645 5693 
6427 6927 3262 2054 1883 8504 1159 9036 4642 7526 9301 1639 7738 5527 5063 9042 4347 5086 8167 2294 
3645 3644 4427 9840 1788 7495 1163 7426 4916 2121 2510 3635 2908 6584 9325 8163 3967 925 4905 1712 
9893 1955 5896 7998 1760 2462 2506 9030 8866 5382 2458 4366 7692 9006 3392 1841 9217 7669 6803 9354 
9850 2809 955 9426 9954 195 2149 9124 5457 5730 8688 8745 1735 3863 1077 8070 7838 4395 9715 1918 
3793 7337 7432 7332 6667 9787 1772 4385 376 4596 3958 334 5689 6151 5730 895 8259 4131 9515 8732 
166 2892 5730 7117 3819 9014 2096 7842 9399 7888 968 9340 7309 1643 9909 828 5903 8934 4611 9205 
2356 5799 762 8592 3189 4984 8933 6492 9490 6940 9761 800 6514 701 8897 4543 6039 8899 110 1063 
6256 434 1995 7158 3208 1681 9510 1241 4763 7858 8107 2818 9769 9955 8835 1525 3715 4672 2409 8303 
6035 7987 5165 2388 7720 8490 7122 3140 7390 9874 9682 7864 9708 9525 1473 3119 2071 6846 4846 4800 
1780 1717 566 1659 4123 8539 5907 2880 5191 4323 8674 2459 2826 731 4642 7675 1933 3510 3528 8718 
2852 6232 5776 5211 1968 461 2382 9323 8383 9414 9138 6932 4286 8817 6681 5652 8254 1940 4400 2678 
7060 357 3444 4580 7914 4233 1253 3610 2228 1095 2249 8610 701 408 8172 6146 2112 9310 2917 5902 
4482 8910 5876 5003 1660 1515 8824 3921 9270 8465 9965 7787 4319 5066 5234 3567 6073 2128 9849 3492 
4914 2624 6951 8901 6669 9831 3371 865 1886 8124 7403 5980 8453 2841 4858 2854 370 9480 4487 9878 
9255 6182 7614 2403 5147 4950 897 414 6554 645 3986 6927 4058 1365 1703 3834 8408 2792 4048 9294 
6977 2603 4868 906 1677 3052 967 2380 8981 2554 2505 3991 3669 9288 3480 8369 4909 4989 5653 9847 
6705 3147 6756 2173 5136 9641 5309 5445 8690 9071 7631 74 1899 3902 3028 4875 3964 6554 2384 2303 
1305 5046 1779 3097 4676 3786 1326 8105 3752 2434 2 8860 5970 3846 6292 9458 1386 8466 6220 1722 
6208 5121 7965 3772 7520 9115 7359 1714 3768 2104 7080 1284 6817 9743 1609 8335 6760 4992 1044 81 
5041 7739 2764 6323 1281 2507 6949 3987 9146 386 1866 9709 7812 225 2573 2486 8694 8724 9912 4709 
8675 4905 7795 4591 9217 5115 3455 9629 4566 6927 143 4187 8331 1226 3958 8415 130 3725 4347 724 
4148 9262 6665 1475 3763 8292 51 3677 4382 975 7941 3047 163 1393 1653 3331 4958 9405 7144 2439 
9376 6363 8033 6956 3307 5956 1797 2548 8553 7328 3258 5353 5981 554 2574 1502 2657 5085 7779 6757 
7086 1198 4024 7789 6746 2405 19 7124 3564 5336 9450 4705 3227 7942 9793 4791 3540 2814 8701 7943 
7867 521 2183 5125 6072 2186 4924 596 6658 4737 6114 8481 1114 9126 8709 1625 446 5352 6768 3112 
8862 3474 6983 6879 6251 998 8128 2577 8507 5306 6018 9274 6186 4796 3477 9533 8442 5922 6889 3784 
9931 9810 7363 1926 4613 1163 1010 1809 8130 319 8560 161 9177 8893 5236 6870 1653 3103 228 1118 
9204 9421 1287 627 9643 3771 40 7220 3159 1078 3015 4990 3854 7127 4890 8039 1524 4161 6945 2407 
3337 7869 7047 1172 4912 7455 8164 3352 2971 6132 111 2785 1890 4011 6097 7925 6626 2029 9573 959 
8786 5226 2331 9098 1792 7137 2540 3353 7978 6988 1351 7841 4873 5238 506 4356 1448 4442 7693 2235 
7218 1769 4104 7759 1785 823 6484 5316 1587 3107 2559 6978 9423 1697 9449 8209 2406 1638 540 9456 
4284 6304 5848 3042 6693 1663 3756 1542 6596 1043 8225 4322 4767 2355 864 1180 6782 5063 3924 7332 
2947 1331 522 2352 8979 6785 9957 7045 1570 9754 4302 2272 1229 1888 200 7599 1041 6555 8321 1934 
3497 4958 133 1409 7940 101 5357 2779 5701 2894 4276 5001 436 4433 6250 2286 6258 8333 4626 7964 
1209 2128 8070 3916 210 5362 650 3818 8289 9519 9118 9248 8890 1551 8381 6413 3527 20 4802 8241 
8193 1231 5562 6792 6539 6479 3348 6272 3759 4968 8853 2537 8368 2572 9577 7193 4030 216 5300 5128 
1784 6862 438 1471 1420 9258 6348 1928 1290 8387 7619 5873 7559 4480 3688 8099 7501 1604 4107 8730 
6351 4839 9970 5312 5785 627 8602 4426 9638 8888 4696 9342 1292 1836 1293 5071 2611 5411 7623 4584 
6531 6678 4229 6769 6026 5443 1475 8272 9244 6145 5891 9471 2709 8638 3437 5093 7306 9688 8429 5284 
2606 3844 2170 6719 496 2190 3575 2646 5041 6317 3811 3359 2980 1170 1915 9331 239 5885 5759 1586 
4621 8076 2065 2163 1221 6722 2441 6636 3846 7935 5670 827 7881 305 6560 2079 2280 9687 3225 422 
3325 5182 3137 1811 3523 3418 9657 6475 2857 3026 7663 8589 1109 4713 616 5452 2309 1333 8012 8922 
4192 2125 1226 7362 1595 2979 2092 8066 9704 9644 6102 8388 4041 5912 3192 7911 306 5459 8787 5310 
3421 3927 6488 5861 8070 8651 7324 5724 3318 347 904 5602 6366 8645 9612 9358 7129 8894 3363 2332 
8532 1488 4978 2979 8474 9361 7163 6031 9975 480 1038 2192 9918 8510 414 2495 4342 7526 3793 6055 
1727 8698 9409 2151 2050 9324 8481 2979 7767 7078 3705 6946 6400 5815 5826 4152 6067 5579 9741 4656 
53 2677 1341 6741 7729 4123 4341 1469 2679 3758 8396 3283 6322 5909 9757 2367 4162 6261 7451 1380 
88 9743 9714 4423 6112 9638 1577 7847 7160 8379 8291 9884 1391 6359 7204 2048 2105 2388 1969 6677 
1007 9881 8304 3954 339 496 5263 7917 2209 6005 9840 5350 7345 5725 7282 8558 8408 7184 6939 3651 
2798 8613 4625 8313 6363 1401 6488 9254 8843 9340 6773 7674 9457 3032 3489 6520 823 6702 9834 3718 
5251 47 51 8285 8293 8260 140 7549 6156 2666 7164 7857 2745 6237 154 298 6636 4304 6220 4794 
9434 9750 1686 7376 688 7745 5588 7947 7105 2693 4819 3532 5355 1831 9401 9213 6008 9479 4501 1783 
8833 9415 5985 901 2588 5559 7188 4355 6822 1135 4404 4722 763 152 7800 7355 8706 3303 4140 5613 
3750 5671 6557 1397 6895 5618 7477 2985 272 5596 7969 273 6665 988 2909 8306 9868 6567 7249 7352 
5820 4186 4756 9808 3874 4276 6239 3503 5418 1279 4861 7282 3562 1161 1742 2451 4450 9155 171 7573 
2638 5285 5491 7293 2361 5931 2516 1421 6588 5793 2710 9613 3092 7814 7009 5016 5394 1664 6350 6465 
411 5756 1771 5424 3168 9215 3608 412 5736 3615 2431 7590 2505 1335 529 3072 3317 3579 2986 4489 
9809 4200 6390 2983 9105 8935 3918 1647 8975 3278 8011 9731 2811 1026 1355 537 8668 6542 400 8099 
3957 5449 3910 5856 1138 1030 4077 1983 1538 2685 4996 7868 2270 6370 8247 152 4231 1167 8303 5609 
3038 291 1064 7099 6477 1158 5040 9777 339 7448 1962 9197 3421 229 6626 1191 5888 7094 7148 2893 
4850 1912 1477 1096 2984 4001 4363 9782 58 9172 1384 121 4883 9875 8058 5900 8229 5964 4654 9053 
9977 705 5898 8476 7284 5576 3770 3310 5061 1835 2049 8910 3130 8557 9634 7649 7731 6251 5863 2756 
9150 2042 6558 8325 1105 4162 6820 5130 5639 4374 8089 4065 8241 1583 2675 1493 2206 6885 4159 1242 
6629 1033 1586 6582 4879 1154 8413 1436 6945 3314 2015 3414 8983 7828 8116 4782 9789 1620 2684 169 
4327 5162 5110 6705 2064 1557 427 4509 8783 7809 5959 9791 8549 1844 5297 6250 7987 8298 6348 9437 
9737 7915 1239 7329 4457 2534 943 2299 9130 1725 5956 3342 232 6828 5256 400 5449 5078 3156 6583 
9707 7055 6053 4928 1832 5984 915 908 6267 6874 5794 6904 9885 6266 5618 1351 808 3893 8673 462 
6765 32 4577 6603 1392 3071 1300 3395 5057 4968 3234 4727 8422 4403 6909 3586 1843 3280 9084 2706 
5580 6517 3892 1664 3505 7059 6837 3853 3336 4196 128 1260 5657 1267 8374 6294 5634 8247 8444 2045 
4587 8381 1771 9345 1732 7762 6404 9673 1274 378 8016 5119 3016 7120 869 8970 5866 8042 84 8056 
1181 6967 6095 1832 9747 1864 7561 9202 6834 7593 7318 2052 300 5995 9745 8137 6553 6607 1356 9080 
1344 2768 6818 4647 277 1630 5881 6393 9868 8739 2339 6619 7916 9043 7091 4423 3326 7701 1884 691 
3445 6488 821 4985 8983 6356 4185 420 5209 6463 4156 9028 7514 3608 8631 7246 6454 947 6676 6691 
2858 6417 6613 1898 8887 2844 4991 4285 2191 5052 9556 2253 6525 3545 4766 5715 9761 749 9703 3428 
5817 3413 3093 2752 9643 3156 7155 9688 5822 2484 2203 4105 9577 5242 7872 3001 1731 532 7655 7485 
4745 6610 4133 3012 2751 1919 611 7700 6590 2154 6959 3631 1083 1541 2957 1361 7735 4185 7450 9433 
6115 9620 1745 658 7084 2448 7734 4861 9172 2705 3647 5852 4881 859 6451 4301 575 7966 106 9185 
8112 5791 8117 3672 7732 276 4871 7259 7412 6123 2832 9302 4375 5079 2410 6688 4056 6761 1676 5864 
5807 3687 6300 5342 347 8267 6529 2651 2305 3659 263 6445 6574 6464 3948 9731 9880 2901 983 4866 
1091 8814 4280 3362 7888 8722 7866 1384 9232 6535 5013 7632 3526 409 5297 5318 7354 8950 8645 5857 
3801 2697 2940 6046 9370 1009 633 52 4668 7805 8273 7369 7963 422 4999 5985 1873 8313 8006 3101 
3417 8383 6919 9576 1054 6011 1938 5721 7970 2688 7185 2181 91 5789 1119 501 4248 8613 1728 2000 
1970 7935 5450 773 2365 5079 6545 6455 8478 4831 8913 6836 9686 9989 7684 4788 9292 9858 2995 5963 
8344 1357 6745 6955 9676 7866 3427 1193 8093 3410 3604 2985 5423 5951 853 9513 8256 7252 9290 9576 
3482 6984 8479 5137 796 8941 369 6120 770 9441 7305 8319 5120 880 179 6917 9086 820 8061 7388 
301 5882 6875 9109 9416 1106 4263 6538 1142 1395 7157 8184 3483 3096 9493 6295 7502 7515 2178 6296 
