10000
9193 3220 7174 823 6659 1901 984 4487 2197 5103 7468 6212 1260 2002 2266 1353 1598 9513 9256 1993 
1536 2660 8949 6160 8116 767 3029 8068 1501 6840 8698 10 9201 8318 5771 2181 3161 9205 2932 7418 
7736 7205 8457 9119 6998 1362 5576 7666 2952 3639 7594 6357 93 4540 5846 8038 6119 4534 2931 2845 
2164 5021 7415 6175 89 5321 2304 4592 2490 3685 5694 4005 8792 9782 1612 2583 4727 6837 7529 1908 
3995 8728 6407 3967 751 6095 9536 1848 593 5865 15 3638 1821 471 4146 8240 4309 8568 6426 6219 
1754 2180 5708 8109 7289 9141 1624 625 3445 191 6931 404 6492 3328 5251 9404 8025 2801 4374 1464 
4678 973 6767 7041 7388 6633 3167 9424 5433 7809 9868 3450 4748 9460 9760 8150 2447 6533 9809 880 
785 3107 4104 9269 448 7618 8432 1454 7984 8008 8686 890 138 804 4599 4292 1396 6680 9970 9300 
121 3143 410 4769 9909 5193 4912 1892 7278 6556 3420 2824 3954 965 7357 2685 9418 3972 4869 8395 
152 9029 7754 292 8482 6499 9450 7811 3690 567 5918 8208 3241 7726 7737 1957 4264 3560 8062 8107 
8219 4989 476 2685 1354 8506 1911 2558 7997 7129 8979 2583 7396 6687 7247 7928 3552 5198 3132 3456 
6626 4763 7785 7752 5949 3578 3821 1641 1002 6533 6991 8958 6761 9916 8293 260 398 3670 3928 5309 
6960 277 3504 2404 9273 7656 3617 7500 554 4505 2802 1137 1951 6471 7077 143 4090 559 4504 529 
3295 5219 9160 338 5163 396 7660 1472 9794 4956 9589 6526 2196 2380 4176 24 6187 6740 4116 6929 
7363 8249 511 4649 6598 8768 728 5515 8739 3985 2784 7346 4186 8519 3867 9147 1463 9363 6932 133 
713 1552 1970 3557 3198 3298 5365 134 5245 72 5548 542 6991 3600 2087 2700 3802 6585 1444 7950 
716 7172 1401 9391 6513 2676 6636 6764 3968 420 3666 8151 2440 6167 7554 5157 7235 3803 5014 2611 
6804 4583 1693 102 9506 4084 431 3759 9617 903 2255 9613 6297 8972 7254 4860 773 3422 1553 6763 
2347 627 6169 1419 5955 3205 8795 9892 3877 1499 4052 770 8243 8406 6763 9244 1456 5703 1787 9253 
2733 5550 1531 1707 5950 4477 9595 733 3725 6443 6765 8682 1850 964 4350 2132 6589 2477 4416 772 
1578 5414 2405 5287 7488 5785 3066 1237 8398 9902 4797 4242 770 7745 6797 9886 8864 8827 1933 4535 
5179 8540 8756 4414 4131 5355 6964 3271 8267 5556 5764 2169 4725 9072 6781 6550 1053 7379 925 1077 
463 5998 4987 4683 1637 2068 905 2024 7793 5130 4879 4493 804 8888 8969 7819 2952 3852 8031 454 
336 3885 4557 3097 5322 7773 4094 3491 894 6024 5642 5504 1846 441 1337 2162 9466 6412 8627 7614 
1463 3726 4597 8035 3131 6640 7314 2356 2031 8843 8836 7719 705 9661 3021 870 7038 705 7631 851 
7672 6125 5763 5465 3337 6501 6394 6045 6693 9597 334 5059 933 8139 9492 8685 581 4731 1665 8431 
6827 5420 7206 669 4146 7528 969 6549 9411 2672 1537 9401 4575 9318 1102 149 4300 7940 6594 8624 
9641 2602 5152 2349 9055 3445 1552 4128 790 1099 731 6862 8465 7603 3321 9901 9735 6336 7845 4538 
8767 783 9002 6234 2967 3766 3949 8056 1217 540 7190 4973 9435 3480 9308 222 2825 6737 8635 7951 
4785 2452 7253 4773 7955 3188 8338 42 1571 6188 9125 3833 1300 8736 5934 6377 2371 6210 3557 3286 
8525 7488 1721 282 9118 346 4901 1419 6247 9873 5068 2687 9243 875 1041 3146 2550 9859 3877 7176 
5931 1070 8509 4374 7336 1736 5743 698 2152 2109 1242 5091 6005 4499 816 6474 6103 756 5761 2424 
1502 5402 7764 3826 1224 3907 8836 2192 3343 5460 9045 1067 3586 9482 817 2340 4110 5228 1396 9729 
9417 3003 4976 3714 1036 8811 942 6306 6234 6460 882 4937 6032 4769 7017 5006 8283 9233 98 1098 
4049 2236 9270 5640 6541 9717 3509 6904 4315 4254 9374 6610 1323 3042 9195 8552 5781 5067 6007 9461 
9658 8179 4957 6193 9827 5912 3630 9702 249 6617 8926 2893 8336 5229 652 9793 192 8659 7021 2278 
2225 3123 1043 2994 9010 7187 3279 9769 998 3447 928 4359 9133 8480 3910 5365 6730 2340 3544 1391 
8134 2430 9086 29 1040 5596 3548 4717 2479 2407 1836 2161 5590 5568 4039 9732 9714 357 7823 2360 
9235 4562 5212 76 2836 2901 2801 6105 2425 1594 6106 5627 8357 2501 3397 6973 7925 1597 8026 7757 
7517 3253 4504 1247 8748 743 5645 9581 5790 9306 7825 5435 7486 9298 6624 6680 8806 6342 3330 8817 
8085 8828 6057 4240 459 5665 5286 7042 6628 3685 1257 3735 6350 9298 3091 3714 7865 1486 4313 911 
4747 726 2839 292 8301 7306 4991 3104 8341 3256 9245 8129 5408 2496 1992 7794 9180 8342 7415 1777 
6143 1862 8541 6590 296 5010 5106 1487 1040 9351 8704 8160 9836 3982 2983 8312 5746 7742 1501 6007 
2918 382 2166 92 1792 5960 8539 1107 155 6297 7994 4555 204 1606 6394 3750 6813 5368 8634 425 
7829 2856 3925 4099 9766 8293 1091 2107 8067 6770 3551 7122 8188 2221 5312 2823 4183 522 1367 6105 
8909 5406 4052 1223 2846 1111 3733 9076 3506 5417 7693 8038 9053 6963 3404 2493 3565 1728 2608 257 
2499 3658 3320 3476 9724 9305 481 4038 9419 9656 7663 5015 9941 5272 6170 7784 4217 9934 6882 4058 
8298 7992 4464 1016 6010 6718 1738 3521 3620 6531 9619 4237 3942 9178 9197 9617 4906 7189 6443 8509 
5007 4664 4984 7250 4521 9020 8270 4161 5873 720 2804 6527 1258 4154 1143 6052 930 3067 3987 1347 
5760 9905 974 820 2273 1654 8097 1901 5609 1893 4244 6879 7464 717 5573 2988 4922 397 5237 6791 
2667 2319 7919 5028 1782 7202 549 3182 4120 944 5945 9047 2917 1950 8325 3146 7974 722 6168 4780 
7166 2542 398 8049 7320 9722 8922 5035 1967 9072 9235 2814 4121 6945 8792 6127 8369 3045 5424 6186 
5871 6016 4514 1090 1239 1888 2718 7011 2763 3330 391 6323 7997 2212 3214 2103 1684 9941 876 5491 
4410 9465 1147 2153 2401 6825 6514 5491 928 7799 9179 4443 5198 6270 7282 6007 4377 4136 4508 2434 
2306 1098 7617 3157 6457 6794 7960 2085 8065 6065 3678 1638 6224 8715 3427 254 6118 6778 8497 1076 
9319 5386 3577 86 9670 4160 9372 2842 5759 9852 67 316 2865 6270 1803 9111 9303 2197 688 2799 
3042 6049 1493 4890 6549 7242 4414 7887 4380 2650 3962 2806 8201 1429 4224 2143 1964 2761 5044 3327 
1615 6688 3702 8021 1915 7138 7736 4091 9131 6856 8074 3048 4907 4763 5236 6114 4012 331 9599 2433 
3975 7420 5888 7054 7051 4426 146 8554 4933 1421 9263 539 7515 231 955 4641 5397 2186 5789 9623 
8968 4216 7802 1125 2912 2626 8288 7667 2778 7713 3292 7175 9499 2355 6664 6671 1072 6877 2260 1659 
4196 4608 6720 7873 2023 7318 3332 7892 3537 875 2093 1663 6659 5240 3076 2922 8725 1882 9627 2879 
4722 7825 1943 2071 4733 309 3845 2302 6462 5459 6747 613 7500 9301 8124 2614 7513 9264 902 9745 
6005 4087 6220 7493 992 9949 507 587 5439 5159 7036 5644 5225 63 8693 2531 4383 4997 9612 61 
4551 320 7305 7277 4308 3826 7590 7116 9027 6026 8085 4637 4691 3107 6991 8015 2210 7098 6597 971 
9601 4493 4884 7582 6851 4414 9578 624 1543 2423 3039 498 3263 1543 9619 8087 1197 4282 6354 5529 
9241 3927 6486 3708 417 7187 9433 4112 5086 4772 2996 160 6334 2512 4825 7191 7588 8275 9194 6050 
9976 1934 8901 1216 6380 4733 109 7639 8444 529 8533 7184 7136 3372 795 9730 6322 3420 7982 3004 
7319 9118 5086 7788 9244 4084 127 9165 8863 8625 5193 5885 3190 8480 4559 1724 1055 4709 7018 8256 
6070 8955 9554 4582 7228 8365 6328 9955 6122 608 3667 440 5090 5757 1909 148 1646 7549 1961 8515 
2456 4348 8715 9636 1861 5440 2580 7353 5039 4675 3776 9383 1997 4796 2046 4525 3329 5069 7875 9650 
5406 2741 8347 4759 9347 7573 3070 5787 697 1695 283 6621 3797 1082 5412 4828 1690 7714 613 7163 
5662 9853 6706 4848 4967 296 7228 1019 7586 1232 991 724 496 1869 1179 317 9246 4233 8877 839 
3791 3262 5722 336 4024 7020 5111 5193 2439 6330 4984 2934 5009 6580 8531 4415 6167 1475 928 4020 
9332 6539 7440 7517 358 4238 8486 7503 9974 9037 9206 4138 3398 318 4297 4767 3846 5977 3962 8447 
2690 3308 6272 9183 4028 6831 7993 4280 897 2626 6047 7370 2987 1122 249 4032 4307 5002 4913 3743 
4080 5606 6557 7481 9440 6035 8556 2766 9938 5858 3327 322 2254 7100 4818 745 2002 9952 1862 782 
6249 8471 7884 8819 1178 3928 7504 9155 8171 7831 6223 7587 4479 4728 7830 8376 243 4689 5192 3634 
3953 2510 8460 7365 7599 5582 4705 5976 6728 4411 5519 9414 6244 1351 380 5570 1382 3969 9399 728 
1666 4167 8788 3775 969 2806 2052 9818 82 3596 2721 1101 7719 1807 5811 1277 2105 2326 7666 1040 
6401 2181 6056 5412 9077 1478 5218 5692 7906 6834 4035 6548 7052 6432 1669 9493 1119 4932 2365 9860 
6241 7273 1993 4309 3751 7113 9049 8494 8513 2312 744 1702 4098 2305 8533 1276 1135 3160 7378 8579 
1860 4895 120 6107 8061 5348 7141 9867 1032 7928 9364 7130 4437 4698 3127 2526 198 9457 7490 4956 
8905 9032 9543 6205 3023 628 2874 4113 4888 1394 1665 1277 4701 6555 9226 5728 922 4985 5705 3684 
470 579 5052 3568 7392 8932 2556 154 1096 4954 4178 5178 1351 3739 6996 8361 6108 6946 2971 8152 
9891 9830 5682 3038 7892 955 493 7849 5782 8146 8596 2949 7982 4795 6394 410 5432 4300 5566 6431 
6464 361 4365 1917 4206 5267 2178 6319 972 9262 1964 5189 2133 1817 2026 1960 7067 6178 6773 5704 
5637 7714 5722 785 4739 8548 290 315 4816 5924 4480 9872 3123 9522 5655 8377 6130 1061 2886 8706 
8419 9932 3377 6556 272 8352 8684 3649 3255 9397 9446 1218 1067 6591 4624 5052 1194 1490 1929 169 
6204 5073 3143 9298 2773 2536 3012 9250 8231 6885 2851 9286 1575 801 1949 7617 6569 2749 5004 7356 
6731 7815 1972 1818 8012 748 3225 6666 5287 6951 785 8134 864 2264 4358 6904 1609 8528 8136 6875 
6513 9624 9885 5343 4090 4689 3158 2023 3637 7510 5055 4957 2509 6829 1298 8822 9468 9117 6186 1743 
6862 5674 9999 5030 2544 3467 8210 7782 2612 1949 8294 9066 8340 6064 8793 6338 881 5999 5134 7427 
6951 3565 73 249 8462 9115 9766 7320 7520 3894 8694 3984 2002 4973 1766 3615 609 3136 7806 1616 
4906 9907 2227 8401 4613 178 1434 8178 5103 2143 9274 6489 3187 6184 3836 5667 5093 2819 274 9525 
1179 4843 3985 9936 4519 7060 444 8531 8021 4921 6030 7179 2142 1144 100 9541 6775 8147 9797 2227 
2249 5847 2302 2173 1485 4073 9838 4607 9684 5964 7483 7729 4432 5087 5472 4500 8995 1732 3556 7815 
6946 7324 8647 9817 3365 7789 7691 8010 6014 2005 2701 4522 2243 7448 7967 4563 1482 3510 6787 8594 
1280 2776 8630 4495 1045 7128 7062 2959 6504 5504 4161 4127 7307 3515 8540 7281 3842 5256 7469 643 
7294 94 9846 7962 6080 8089 9247 4670 2508 5537 8734 9103 1820 2587 7541 9637 2397 1289 3752 549 
9323 1597 5721 3071 1204 9612 1714 1236 6619 8429 2014 9269 43 592 9621 1879 2101 2891 5731 7187 
2265 4544 4355 5994 8093 3370 2989 8885 9245 6278 281 9370 2655 8943 6430 1114 8529 1714 780 5368 
2962 6112 9858 5236 9209 6449 4253 9173 9638 4901 6910 4694 5715 5445 4503 8839 791 9721 6466 2308 
7463 4755 8173 2018 6281 2169 5109 3430 4662 5984 206 8096 3659 8003 845 9876 1085 1635 7779 825 
3238 6441 7814 8922 9808 4006 3501 4859 9789 9003 1591 2406 6769 325 9209 8914 6061 5072 6691 2277 
7608 3724 7293 2944 3803 5469 8499 9337 1386 556 7706 5270 490 1227 8926 9957 3956 4006 7770 2456 
1124 3829 5778 190 4366 3870 7152 7757 4414 5063 6426 4235 9098 4201 6668 7181 7350 6720 1096 7366 
6211 7838 438 560 4198 7424 5609 7897 7153 1065 5488 5013 5600 9994 8806 1889 2514 6851 2263 4920 
5121 5698 991 814 6896 586 5920 6089 1648 2832 7727 7744 3502 3167 4988 1388 9917 6987 877 8811 
3692 2498 8998 9331 3684 3455 3782 5395 9137 2184 5953 725 1690 183 9254 9792 3774 8117 8524 7531 
1740 2082 4142 7499 79 3794 5728 8077 548 5009 492 2207 1738 3015 9182 9880 4741 871 2312 1928 
5999 9249 1874 3962 9228 5655 8994 8871 1336 4541 1429 1188 2751 4985 9927 5179 8232 4666 8148 3015 
4527 886 6827 6568 622 6187 9884 2151 8903 5671 8270 1092 7216 2018 7023 8523 5164 2921 9641 3828 
5106 9142 877 5274 284 5770 1695 7203 734 7309 3662 6478 129 6653 5870 5340 6411 130 2420 9108 
3277 5794 4973 8314 6281 5776 9404 9146 3597 8974 5550 7102 7168 7700 187 8048 8904 1977 2331 9273 
1622 9022 6338 9767 2431 7146 7706 1917 1607 2608 6603 1348 2684 1549 1898 3103 7885 9789 2059 9421 
4853 3901 4356 872 4535 1435 1168 1258 391 5897 701 3023 4579 8001 6099 3269 5565 7458 7313 8864 
9590 7513 4437 4810 8248 5963 2903 6855 9199 3982 4482 4295 3126 4216 5873 5157 9786 8239 1154 8396 
5613 7663 3786 4346 9801 666 2917 8188 2094 2089 4247 1416 2122 3601 5860 442 1460 4433 1305 5126 
6901 2376 517 9308 5812 9763 9703 1242 13 7076 5557 411 8877 302 214 3997 2108 8556 2877 2256 
2279 8690 6418 6155 9033 4476 2703 7768 9877 6866 1860 7696 5411 5245 7159 9057 1748 4227 4347 7531 
4388 5486 3196 1642 6716 1035 677 7166 240 4733 766 3702 1275 802 2613 3147 9061 14 2663 7705 
6271 3587 9723 1208 6411 7922 5388 1305 1130 8379 5841 6011 4755 4849 2699 6734 6573 8873 826 991 
4698 7856 5356 7313 4592 6124 1012 7725 5588 4571 2578 7392 357 2920 3492 4195 9458 1964 7305 2216 
826 8704 9774 8576 127 5105 2487 3433 7093 3180 7275 3493 8524 9417 2156 5238 407 2837 5506 6677 
2713 7319 5364 1569 5052 644 5218 6437 6701 2141 8945 7235 1239 5110 6484 4764 8794 7234 1955 9889 
9256 2186 2427 7875 3116 9596 4386 9751 2855 5920 8948 3126 6088 3142 4223 1505 6935 8427 4504 833 
5983 5675 3993 4028 8566 8608 8695 2068 8938 1544 707 3241 8169 7733 6189 9183 493 2621 1296 2650 
5122 8002 3263 9478 9637 7548 7146 8579 6780 5074 1468 8541 6988 2824 6692 4601 5082 7138 8685 5084 
8610 7367 8044 134 4893 2945 2743 3499 7891 8048 6605 2962 5021 3854 3781 6343 5269 7421 2182 8123 
7932 2157 3776 8507 5080 6074 9430 8654 1993 2306 5177 9799 6102 3155 6978 3803 9736 4115 2427 4092 
5298 3305 9674 8580 3339 2937 3147 3182 2811 8622 1129 1565 5582 5167 4185 2160 4407 3379 3988 4349 
8548 6017 3422 3082 3210 8801 2023 9564 4637 1038 5982 7398 4238 5805 3293 5267 66 4774 389 3982 
3194 6721 4119 718 8596 2829 2411 6016 462 953 1105 1964 8194 9925 8658 8378 9010 8355 3410 3229 
9041 759 8372 5005 6796 1854 425 8643 9619 5082 8615 61 4440 8107 2611 9425 1171 6266 7370 8622 
7567 5519 3713 6014 3813 7474 855 120 5587 2398 468 9683 8248 3154 4145 1828 6014 8657 8499 24 
9621 6489 8821 4381 3592 1648 6817 8170 5295 7403 1866 7184 7456 7048 4841 6616 5410 507 6499 2475 
1439 678 9683 9921 6325 178 1433 9473 8298 2298 4558 5111 8538 1078 4083 7459 1583 5189 2469 6174 
9371 8979 6015 7576 4660 4618 3773 2845 2300 4021 9080 7862 620 6160 978 2715 9613 4123 6544 8358 
7059 573 6063 2066 6871 1861 8100 5731 1215 7068 4853 1856 5900 3799 9341 7819 2991 8152 5936 865 
4216 7235 7307 7916 8605 3118 4070 4741 4788 7650 8138 5159 5789 5455 7145 9744 5455 6203 1422 560 
9021 4491 290 7140 725 2890 4312 5756 7893 7878 4694 2296 3146 8346 4864 8706 2006 9350 5890 2756 
349 9307 9290 778 2381 7698 2272 7874 9063 4524 5540 656 2942 5844 3010 6478 3099 3713 5027 8305 
2715 5080 2275 4518 3269 1822 2475 2155 6908 6890 3483 8571 653 9881 7254 4561 37 7435 9961 2126 
8067 7307 1145 5125 8469 3516 5000 659 2850 5647 52 1388 6131 5153 4492 4864 687 6801 3280 9837 
7393 496 5140 8910 792 6000 6640 8113 7675 559 6599 2887 6342 93 2370 4404 9670 8088 5833 8982 
9309 4457 7565 1442 8211 4663 949 8633 2185 8858 515 2026 9051 4762 2673 2658 1313 2806 2061 7118 
5154 2848 1263 9729 1702 421 7075 9249 2325 3706 5352 7979 865 387 6548 2071 1150 3405 7153 2758 
154 6507 7559 1015 1724 7934 3559 6506 6365 1164 6898 4764 4221 4483 9700 1617 2564 7352 3936 8415 
1943 5912 8217 5798 866 6303 1227 6862 536 9655 1300 6938 7348 5672 9474 1448 6426 9886 6105 7178 
4512 5721 4353 1166 8066 4189 6602 777 9991 6457 7470 2515 238 6053 2257 428 9684 8404 4263 6413 
9397 3945 8370 5017 5227 9718 3254 5857 9608 4096 28 6518 3917 190 2751 2634 7397 6336 1510 560 
417 5757 3502 7634 9200 7204 4084 6288 3002 2500 5900 7046 4665 3319 1600 999 261 7561 9449 5461 
4299 4598 5331 6931 4665 6322 2176 4226 7016 3218 7724 6135 1046 8759 7047 2285 9151 4923 7572 8311 
8152 164 4558 6446 2776 6005 3154 840 9204 8164 2621 7802 485 9766 6722 5908 9095 1862 3592 2154 
7985 5813 126 4 4060 332 8860 491 7105 7613 7848 5331 3972 3031 7985 7208 2151 1975 6635 2529 
6940 3115 3175 1650 7771 9187 9038 3613 6572 7601 6603 424 1090 4063 1554 3994 3605 1567 8049 78 
8986 909 2721 8138 6816 8977 4088 5674 4937 273 7039 997 1539 6532 2491 6866 9170 8305 4554 7923 
3564 5301 5916 3534 5217 7651 4428 2413 7013 7349 3369 9804 3212 6145 5861 6015 3744 919 7609 3142 
2802 3175 5251 4025 9035 7632 365 3293 3389 6163 8603 2393 7211 3766 2113 9906 2305 8996 7279 7233 
8674 5746 1386 8871 860 124 9303 7943 7402 9245 7543 6017 7526 6174 7274 271 9080 9573 353 3784 
7440 6319 4244 6147 556 4041 7340 5958 7206 2040 2079 7947 7438 5513 3446 931 703 6274 524 9461 
7120 5110 6757 4687 6457 3848 3416 2893 448 2967 123 7080 5983 1800 3610 1413 7620 2610 723 782 
3317 2546 7153 5342 2909 5422 5874 9414 7304 9814 487 2557 1590 8311 7640 388 1952 5338 3154 7047 
9029 9177 527 1295 4510 5122 879 4740 6614 3860 9768 6064 4864 1365 9384 4543 676 5350 4258 2738 
6698 7006 2733 6499 6130 3187 6549 3635 3789 2872 7243 2975 8523 7360 9808 8081 7506 4929 9226 3027 
2871 9603 5952 4830 5917 3687 1752 8192 1143 9189 3914 1116 4187 301 2497 9932 8678 9231 3214 5105 
6518 1655 6328 283 8215 6000 2884 7396 4094 6873 8572 662 9915 9620 768 7213 4159 4203 9350 1735 
826 5870 8910 9336 6063 6631 4167 8507 7686 6895 9896 8082 7070 9289 6924 1438 605 8875 6573 3882 
2181 5710 6251 8642 5782 4795 8778 1393 9626 1653 5317 8839 8064 8565 7138 3018 6280 656 4180 1892 
3336 5397 7383 650 6361 6563 4716 5516 7073 2952 8145 8456 349 5156 4139 329 6539 6683 2082 5198 
5506 2121 2426 677 1454 6591 9610 8277 4236 4796 1435 4555 510 7624 3311 2156 2923 1290 2523 4826 
4342 3401 754 7730 681 847 319 6369 1407 9673 8014 8423 8363 7243 3768 884 7032 5488 5674 1903 
6541 8815 321 6741 8876 7834 5700 8606 3352 2688 1933 1771 4385 5010 3013 6060 5822 7411 4523 5422 
2373 3224 129 2977 9609 2798 8148 8840 4529 619 5157 9658 977 9837 1257 7589 5543 7407 5033 4898 
2085 6122 7847 3187 6070 856 5582 6249 9806 9588 2820 402 7170 7645 7967 6448 865 2344 929 5925 
8046 4485 5617 6858 5259 8138 6679 2783 4003 4348 2500 1533 6916 9197 5740 3031 3896 7231 8113 6526 
7455 5574 7709 8659 7690 763 7275 3624 4214 2172 5939 1040 3778 8497 2864 2485 1503 1738 6304 2584 
9172 2581 1367 9106 3979 91 6304 6185 9292 1370 8754 1711 1315 1709 170 6837 944 7319 4411 492 
5531 1182 4719 4508 2162 9284 3768 7453 1169 290 535 1811 7901 2301 9928 5383 2109 6314 2936 1567 
5477 9085 2245 5936 3520 333 80 7786 4393 1012 5921 2418 9878 1267 4936 5837 8146 9458 2459 6423 
6518 468 3153 900 7347 2008 3929 1102 7486 2989 5656 5405 7592 9661 8557 7924 1545 8042 5619 9464 
9353 7511 2178 8572 2667 8013 6146 3511 5750 333 6926 5527 4305 5381 9441 9039 3402 3228 1519 8364 
5906 5207 3282 5701 7209 1598 5792 3233 6994 1705 5637 3170 6067 4579 2547 8783 7612 161 9314 1215 
3457 7100 1717 8225 7877 5225 7243 4729 3333 3514 9567 5045 6270 1678 2045 397 4940 4803 8080 8921 
1120 9340 8445 9180 5916 7757 7430 974 4799 1139 6380 8104 9432 8769 7508 9784 5160 7621 756 7477 
2953 6488 5883 8956 9812 4324 7978 2248 132 3505 451 5313 6069 3352 4236 6315 1640 5049 2672 4799 
8358 5703 6290 4566 7566 7872 9359 2594 5037 7307 767 5159 9065 6634 4024 4518 4202 8239 3871 1051 
7718 1963 5051 7484 4631 3217 4072 7954 1994 3386 4485 452 6151 1489 2971 3662 5112 2110 8314 3873 
2201 928 4113 6036 2666 8419 6569 6472 7971 9346 6352 7049 3093 5622 6221 8304 6649 1340 9796 9285 
9015 5044 4024 6258 6101 4597 3272 1955 1146 9519 9800 8554 4302 9417 1341 7502 5664 1816 3684 5027 
2515 3489 5759 4518 9558 3045 6925 3903 7583 6603 2261 7352 2291 9612 9791 1565 2084 4808 6991 7657 
2152 5462 3615 1040 5553 4520 1832 9372 7407 2397 2988 1838 6190 8511 8867 7350 9325 9773 7551 6238 
1037 8388 3198 5040 4209 4838 8733 3816 2696 4700 4980 2757 2901 7735 8817 9432 8983 2114 2532 7535 
2970 3108 9172 3756 5161 594 9789 3053 1549 2017 8903 5377 4247 9097 9988 3392 9382 9381 7877 9993 
4038 9350 4729 4345 8101 9031 4804 391 3507 4940 9560 5933 3957 8868 2226 4576 9046 2637 5635 5104 
4875 1334 3913 2395 7665 2688 1370 8685 454 3757 9261 4114 3744 4523 7829 6155 6638 6442 8234 7407 
4937 2248 6245 9593 1878 2831 808 2943 1435 8660 3049 2770 7947 1968 841 2945 7376 9003 1460 5129 
100 5636 8087 1816 2556 6253 1113 9423 3874 8451 3304 5124 5453 6172 9457 6103 2399 889 8012 2573 
1675 4971 4897 3880 5249 9042 8715 7912 3495 7632 1063 9626 5509 747 1480 2750 7133 5410 5227 9367 
1958 8967 706 1660 6196 8522 7776 2747 8405 7031 2144 6061 7754 5334 7042 5061 96 4960 3442 7313 
3290 3105 8230 9443 3773 9097 6821 5594 1351 4460 3231 1001 893 1417 1692 1561 3728 9848 3477 9242 
6635 1389 2601 6421 6940 2089 8765 333 4716 6655 4404 9539 4621 6916 7062 57 4351 3007 6080 9934 
8846 161 2024 3256 444 2846 826 2048 9623 8921 5428 4375 6902 94 891 311 213 5864 7064 1764 
8427 5507 4291 8417 9764 6283 9274 4158 6784 7892 1630 3471 3095 1155 4762 3384 9031 7001 1136 5557 
5675 7184 7554 3654 2058 7822 1210 2776 9866 1111 4471 3886 191 4591 9556 6430 8611 3388 6838 9880 
6547 1082 7107 4337 9684 6088 3385 3326 7233 7423 5250 5436 1426 3635 8338 9100 4186 7554 8874 4491 
1837 3066 4381 4768 2796 3063 4923 4959 4831 410 7391 187 3454 9861 3394 487 6123 6626 4843 4461 
2751 2356 692 4296 960 4661 5769 3692 8843 8558 191 518 7572 3237 7342 8141 4248 8816 6749 8776 
8827 569 5177 9721 770 9322 9665 1511 6543 1815 129 2569 9029 6826 1161 2942 935 666 7914 538 
929 6997 9244 5211 7906 9020 2830 5706 5365 4622 1388 4860 7306 6732 9350 7288 4310 2124 2243 1155 
292 7465 1617 2119 9110 7496 215 2642 7212 6837 4473 6011 1439 7468 8823 6879 8235 9139 1171 6969 
3527 5252 9580 6417 2226 5081 8764 4027 5756 8208 5819 2272 3662 398 4958 7930 4791 208 928 9048 
7988 9628 6539 7473 9370 9046 2850 4822 5843 6862 5534 4672 9108 9975 4083 6617 7415 115 6815 6278 
5145 746 6142 1538 8209 3257 7517 4406 5724 9238 5129 9460 1057 210 163 6738 9094 6728 8371 836 
143 3506 3957 4099 5341 3194 612 249 2683 6350 882 4142 6640 9469 6817 236 6674 5118 7729 383 
7336 9375 1446 7961 4889 1883 837 130 3830 8325 9980 2972 1553 8897 7915 6212 7113 4242 3795 4276 
4675 8782 1017 5670 6167 237 3110 9411 5620 656 6398 8714 9648 5103 2923 7676 991 6091 8134 4963 
9055 4994 7458 7411 7887 9424 7269 6441 5194 1538 8323 8064 9796 4503 9576 3106 2335 7391 8930 139 
1082 9013 3513 5114 3143 6265 1564 6305 6568 7110 8554 59 3893 8034 3961 6365 2892 9268 5286 2693 
1029 495 522 7919 7521 6733 5509 1111 175 8695 9865 4520 2698 9200 3350 8227 8115 8130 3389 5131 
230 752 1235 1725 2443 266 3893 3838 540 2047 4755 6444 2510 4029 1466 486 2142 1891 4177 6088 
9097 3064 3039 5438 1783 3445 9687 5177 9429 5101 5010 4960 7055 2557 8232 942 8502 3677 3914 7673 
4179 9302 4046 6579 2184 4927 4168 5865 3951 5312 6306 9385 9890 2775 4920 2448 7078 8968 5538 225 
996 2606 1535 1874 3173 3777 4938 1681 1162 2592 6460 8388 9669 8446 7918 9949 2680 9065 6904 3228 
8856 6469 2587 7006 6077 7511 4056 7508 7017 3917 3115 2558 7538 8043 7879 870 3230 4960 6031 5706 
6506 8519 990 8881 8791 6601 1092 5630 97 4944 3310 1570 9325 5559 9169 7788 7007 1005 1762 1163 
1558 2808 1957 1653 3364 8005 1408 3776 1965 7326 9675 8509 6539 6869 6678 116 2044 5805 5511 7659 
3673 5959 9438 7552 3763 3242 5975 6198 8012 4108 8684 7772 7823 5053 8116 5544 3726 115 2444 8819 
2310 4447 880 1854 3393 4542 2951 8371 4551 5852 6840 4294 9890 4404 1356 3066 6141 2546 4274 896 
4999 9641 8360 6714 1658 5824 2445 5597 723 6534 9889 7061 2077 6311 7733 2866 7935 2903 7828 1409 
9470 6748 5597 6581 848 7384 1468 708 8783 419 596 6158 8005 3543 7612 616 5706 7301 4531 7015 
6136 3029 1873 6008 1879 3690 3115 5948 954 6212 6818 9745 8148 7855 105 7084 9912 7993 4434 5329 
5405 4145 3556 3525 4586 1451 282 8891 8803 8480 7499 6795 6096 3362 7873 1041 566 7596 8360 3265 
2389 9096 1366 5896 2382 2059 3249 7917 798 8395 6401 7271 827 928 660 9144 3929 760 503 855 
9322 85 9400 3644 2816 49 4101 244 9200 2690 8752 2516 437 3128 690 2489 3294 3106 8360 846 
5574 1937 7487 1544 9181 709 5320 268 5527 1635 6615 5104 6049 4264 878 8174 7084 4231 4001 8116 
8072 238 5542 1385 7758 6087 9531 4586 9738 1482 5251 2082 5283 704 2030 2345 8792 2962 2916 7571 
3848 2688 958 361 3966 1277 4962 8709 7000 823 7433 9862 7666 693 1710 3060 1204 202 5509 1805 
5076 5350 4437 9966 8665 1147 8579 9053 142 4844 7053 275 2159 8306 7616 1511 8500 8264 1239 1830 
183 7510 7665 94 4434 2860 4925 8297 2298 4148 1700 2903 2546 3674 6914 5717 7838 1639 1171 8378 
2277 6152 9463 7903 1537 8765 8737 62 3735 4878 2162 6771 461 2536 8940 1984 6045 1861 9910 445 
7589 5786 459 5564 3591 4281 9551 2347 5844 7159 5872 5282 1344 1976 1860 380 658 2118 1509 4130 
9099 9361 2918 8211 608 2688 1856 960 2389 181 6125 1603 8808 7711 1648 8640 3832 6121 9551 9476 
3056 3072 5919 4650 403 3938 2394 2876 3733 5089 6543 4743 8244 7718 8711 8311 4274 6563 127 7905 
1344 897 7559 7024 8440 1784 1158 5958 2007 9981 887 6308 6133 9813 4692 5382 9491 3704 6749 7237 
4511 4929 5845 4496 3575 7922 3978 805 8440 7892 703 5016 2305 8699 5127 1718 4153 936 7488 7172 
8442 1513 2634 1328 6904 9371 8355 4153 3298 8735 1136 859 8420 1227 5017 4162 4854 7207 8882 8928 
9525 9687 5266 1289 5292 6761 3890 2603 3103 9140 9572 5580 8243 3793 2796 6635 8397 6197 8095 4569 
7350 2076 9943 9440 4551 4898 3297 8129 7111 9818 3284 7148 5678 2914 493 6888 9589 5853 8411 835 
1581 416 3460 7587 5784 6649 9570 3466 8775 2744 5678 4904 849 5314 7975 2602 5661 5370 6751 7793 
1677 5264 3395 6750 7063 9750 7940 9976 9024 9309 9159 1696 887 591 6741 3596 7692 1877 9855 592 
6203 376 3059 2187 729 180 7347 3372 8954 5081 9432 6485 7468 1355 4963 7096 1507 8554 8091 8783 
2066 1180 3528 5496 6659 2565 2635 9724 6051 1576 6152 4721 3501 2072 1793 3109 6961 488 864 6075 
3121 1088 6752 2354 2568 4241 1977 1569 6391 7871 4038 3295 8686 1181 6965 6958 771 6215 9114 8 
8481 616 5296 7553 4416 2396 9213 3036 5421 8240 6273 6202 9687 4950 4923 8188 8070 7812 8 2010 
4823 7820 2969 2317 6503 4598 1407 8326 6828 5449 2294 2129 8299 1273 9099 8356 4409 7370 2508 5490 
3778 82 7130 1389 8847 653 7341 8375 6552 3626 7781 1369 9126 7682 8232 2860 4643 8025 2077 7317 
1745 4366 1203 942 3316 1997 7774 4143 5756 787 6864 5148 7762 6033 8192 9912 8799 809 8666 1863 
5652 2085 5267 3089 377 1688 4614 6658 7813 7500 8752 9726 5511 9754 6693 914 6735 8361 1741 9013 
9868 6797 7054 8734 8579 1392 2695 1103 2137 4559 7734 1311 861 6843 5414 6934 6068 8432 7849 9953 
5266 4098 8222 9589 6098 803 3743 144 9266 833 3386 4747 5694 5148 7546 8347 4344 805 2529 2471 
337 4546 52 9188 583 7759 8755 5084 2186 238 3683 9470 108 8399 4874 5886 7141 3386 2375 8589 
624 265 8971 3267 7222 4707 2408 7289 5365 1971 8420 1443 4492 2087 1706 1818 8662 9780 2589 6552 
6944 1575 2122 1789 1609 8775 5033 5726 773 6038 6415 9741 6846 4677 6964 5763 8951 6823 5628 202 
1694 574 292 984 350 6818 3914 6853 926 7680 345 8221 7034 6591 1232 6881 5963 301 3214 7848 
390 9672 3709 1107 8750 105 6520 7455 2102 6011 6633 6531 3575 6618 5748 7256 7851 3590 6169 3160 
9332 2118 9978 5152 6603 6521 7882 8831 4776 7623 2126 8961 3291 5351 6883 7205 7158 5578 507 1593 
2567 3316 9877 8296 3221 7515 9688 8329 502 9383 7324 3193 9994 9802 789 8323 4168 4457 5340 4364 
6467 2776 6348 3099 3129 5668 7318 405 3848 9322 1378 7351 5949 7813 5027 8604 8666 7988 1220 3167 
5475 1930 8901 6954 7062 1327 9277 3532 8469 3636 9690 8425 7969 5332 2460 9228 9524 5254 9802 4296 
8202 46 1712 8828 2461 5379 4054 8820 3420 4027 1582 1660 5432 2003 2713 6560 5883 4875 5174 5966 
6981 254 1224 4061 3252 6559 8387 6455 8431 303 259 4082 5247 3099 7481 524 4443 1953 691 5652 
5486 5411 6647 3062 8359 6597 5292 6990 7549 5825 9349 4862 9725 874 1002 8395 7425 4013 1892 8433 
7791 1683 6869 1254 6555 8051 7874 5004 9146 1364 4895 3376 4884 8768 5989 7344 8197 2005 3794 6490 
8144 9525 7293 6671 7360 4237 9684 9254 4957 1090 6404 7132 4055 9911 7220 7065 9715 4811 7839 543 
4143 5760 6156 9372 6083 6374 3691 4958 2533 3318 7902 5862 7481 4443 8002 2901 244 2250 6121 2499 
5355 4306 5174 9454 3869 46 4004 8512 4553 3864 2594 4617 4349 9784 879 5867 6093 2778 302 3989 
268 4765 9558 6599 3610 9415 6809 7284 8122 5382 6335 7158 9199 8241 9118 507 275 8333 7816 412 
7683 9628 2161 1151 858 9120 4012 2290 6664 8110 5729 9480 5406 7293 7741 6017 9401 9517 5365 7617 
5129 6292 8600 6802 7293 1859 161 5125 7853 3480 390 6356 2980 8765 8800 3347 1255 9133 2039 1941 
6598 983 3961 7323 7982 4283 4726 7575 3129 497 9099 6111 8371 697 6346 4268 4505 6141 8386 4306 
9424 7794 9264 3850 5920 8077 2578 9595 2699 9763 7523 1032 2765 3609 7096 2083 2193 6394 4694 9150 
5726 2775 2894 2530 2637 2696 551 6953 9560 1201 3750 6229 7344 1072 3964 228 5483 1826 1739 363 
5656 4981 5958 3119 4880 8264 3909 5042 9771 3599 162 9195 2860 4003 8707 1246 7755 5574 4676 5579 
6812 6612 3360 1251 8129 821 2668 2756 1929 3231 1200 8981 275 3096 7683 3069 3443 5032 5826 5118 
5024 4461 6172 9087 967 3897 1405 1208 4896 1654 6389 4486 2091 9450 7908 5134 6134 6997 389 9502 
3902 4439 9364 2607 5311 7967 3997 4535 6171 6430 8387 9051 9843 841 7849 545 948 2221 9248 6995 
1760 333 8046 800 7816 7175 967 5308 8804 4838 9403 2520 6687 7040 6844 6124 6033 2015 5642 2625 
4618 604 3772 1883 9304 8087 7469 8403 8390 9043 5425 83 9537 3279 5859 6875 3127 5664 3788 6433 
8270 3273 3074 964 3695 221 2555 2577 1981 3659 1820 1710 374 6695 1506 3892 9125 1466 2188 1163 
640 8960 1395 9437 8741 6047 2408 812 2348 2071 7432 6975 1817 4021 5582 8295 8978 9345 7125 8433 
1815 1272 7000 2084 1442 7140 4825 1449 4652 1734 4938 1371 6760 3126 7643 3124 4945 7809 9600 2951 
1164 17 6878 9692 8569 8955 2211 3061 4732 7714 3679 8896 6258 1433 6498 2821 1714 245 627 8927 
6177 5184 4091 8487 3378 7146 12 204 680 6554 1329 8543 313 9731 579 2299 8818 4770 9316 2002 
2657 5091 1468 7234 5427 6403 4302 7830 7114 2415 4151 6297 7674 4588 2770 4165 1664 1104 8730 9178 
9119 4158 8461 2890 7817 6735 5641 2864 6743 7419 2023 257 9365 4824 8641 4155 5069 4265 9808 5531 
238 8887 54 1419 9960 8269 4101 6359 87 173 5850 2928 4746 2464 4346 3466 5071 2923 3991 9984 
7661 8573 5246 3080 4701 7860 3265 1072 6373 2624 1260 9831 722 4927 9990 2617 6482 4664 7046 5986 
7596 4659 5375 5764 6748 8293 9130 2756 4303 3337 8494 4030 3255 5498 7983 57 2347 3341 9968 2724 
3743 9563 9862 3792 3291 8381 9290 8648 5274 3120 74 1466 4210 9560 9918 602 7643 4048 4466 9836 
5309 8047 6677 2238 9322 7414 8092 5432 8757 3510 2003 5324 5198 8287 4369 9304 9644 8083 4727 3418 
2597 2074 1638 9331 5693 5438 5578 948 840 9014 5270 7253 717 7151 621 9461 3514 7174 2234 3643 
1662 5203 2573 5003 8983 5248 3523 9204 7081 9975 6800 5526 999 4281 364 4609 5761 1642 6055 2088 
874 4362 7402 9364 1604 2511 8108 6406 8298 1166 9005 6356 3258 5528 8067 965 9150 2897 2606 7415 
150 5436 394 7005 9987 2258 2193 7399 4946 5313 3098 1657 675 5457 7682 4205 6101 6386 1829 5301 
143 5489 9929 6616 9326 1545 3128 2462 2758 7814 7032 9639 8087 9205 4552 4069 8302 8888 9673 9914 
9828 9893 1718 4011 3271 7614 7250 340 4707 2203 9709 3990 7693 3059 5538 3547 8556 8602 4928 9658 
644 6036 6275 4774 7984 344 8735 3665 2444 9184 4808 3486 5276 4156 9040 9267 7964 8342 6318 9133 
5892 352 3431 7454 2520 8873 124 7809 4042 5375 6704 2782 7100 5775 3076 8777 102 8312 8193 7301 
7872 3565 5826 8742 5165 8841 5083 8148 3492 8572 5785 4827 2043 8932 7128 1408 6035 3367 6171 3966 
4155 6748 2123 701 2993 2618 2175 68 7148 1144 6773 8806 799 7700 74 1160 7050 159 9068 3266 
1219 2949 5913 3444 8413 5882 9683 2384 1810 2176 8402 3605 2882 4214 7158 2252 2520 7658 9592 6555 
1109 7806 6124 9606 1836 1288 4742 8966 857 3620 4005 3378 8015 8293 4432 1497 8764 7832 4492 9890 
1355 4937 215 2667 7670 5055 8324 1581 4213 6338 1571 9617 4999 4525 4108 8636 7532 3150 7096 9941 
5038 6603 6813 6903 5498 9358 772 1649 9550 321 3784 587 4224 6709 7837 9524 6712 7292 4650 7190 
4635 1863 3124 7819 1206 3417 553 1641 2819 5514 2678 9752 395 3959 7653 9365 8168 4407 1735 2767 
3365 281 5802 1710 5365 4105 2407 1731 9293 9633 6138 2155 5519 4988 6239 9597 7460 630 1254 8771 
1349 5423 6658 1893 4213 6830 8323 3616 5887 2786 1278 5030 1063 4356 3846 7455 1392 6616 3434 2718 
6394 4610 5019 8174 8053 1894 391 11 2246 8536 6631 4269 9445 6161 9377 910 9217 4611 939 4925 
896 7732 6333 9451 7735 422 1825 8259 2067 5351 986 5383 9873 7540 7950 7973 5200 8440 7314 8360 
1345 2850 4161 2683 4424 9573 4359 9128 7426 7306 5536 8031 9074 9296 2264 1618 4394 4947 719 333 
2738 1689 5739 9027 40 2313 2906 5171 7525 743 7122 2697 5704 3930 743 4353 1809 5567 8489 6663 
7900 3862 8918 6234 3959 8026 3427 671 6482 2607 8851 801 9154 387 5873 7094 8146 1254 1600 1692 
9752 7542 5053 4130 6799 3811 8029 7540 3397 1698 9256 7631 3027 8061 658 3394 4068 5127 530 7093 
6196 3630 9425 8499 5927 5561 3584 5411 7396 6272 7414 757 2716 8890 501 9911 2378 4721 4168 2407 
4216 1699 7947 1411 587 6738 7511 3372 285 9723 3225 4793 6101 8804 9165 1320 2101 45 3164 9359 
8752 5017 3455 5521 518 4871 3967 7260 637 9688 8251 1775 4797 9493 4229 6584 2472 3929 5114 2507 
6533 3417 3147 239 328 4917 572 8403 2815 7638 7625 7070 5259 9287 6112 724 3065 4160 7119 8676 
4780 1917 6843 1022 8825 2285 6810 5330 943 1686 669 356 9585 1270 1118 347 6945 5157 7986 1448 
1034 6134 1482 8852 346 6540 5100 8099 9354 2745 9001 7044 2364 2610 5915 9098 6912 7246 9149 8613 
8019 7757 6695 1577 4036 757 9508 5665 6148 1832 1858 8172 778 2178 3973 8053 3696 1902 8056 1952 
8845 599 9953 3168 7728 7564 1088 5286 8454 1741 8404 4661 5112 66 6570 3504 7236 9979 7826 9604 
1509 1218 7648 5954 3938 8797 4652 9908 5569 6927 1751 6881 8038 7566 5195 3100 4748 5855 3405 599 
686 4573 4961 2693 1202 8873 9386 9324 5858 4795 6989 3785 2329 7079 352 5614 8727 1099 501 5607 
6929 3317 4077 3770 2440 8273 3547 6956 9844 1759 7062 3984 7452 5235 2505 9130 1253 7494 2011 3298 
1365 7786 6935 2260 2818 7387 3527 3620 3468 5601 8930 7855 7204 690 6303 8733 7512 6948 8388 3059 
9900 3488 7136 3285 7062 4178 3137 6216 1413 829 7746 9829 9119 860 5637 2665 2390 7699 8537 2665 
2967 9475 5944 3555 4079 9436 5280 3184 3929 445 1996 3446 2328 1383 6558 3594 8094 1087 1259 7714 
7159 6914 435 6329 2613 7796 3211 4491 3592 6913 4649 7024 1977 724 8443 9734 4564 9254 1333 9542 
2768 4941 4005 8473 5325 9270 1332 2244 2408 4174 5228 670 5389 9930 4096 7234 7706 3142 9309 5232 
6684 7930 5707 7101 3145 5577 3439 1179 937 8307 8801 8068 9601 603 420 3600 8637 7170 8519 374 
2458 3010 7768 590 1485 823 5440 8165 5747 3751 7374 9866 4566 4211 4132 7941 1097 3157 3304 4039 
2417 3609 4968 5693 1216 4632 8638 5278 2638 816 6235 6420 4038 1311 1442 6343 3834 6558 5540 8532 
2932 6795 3124 2941 4347 5822 5831 571 6414 9133 8746 8414 4416 4587 8127 5973 1248 2283 4773 8200 
8723 626 882 1714 2400 682 9248 8477 8728 755 626 7942 9489 2997 3538 3871 4669 8688 2568 835 
1291 9476 1464 2324 2714 9772 2953 7392 1141 6133 7950 7874 2736 4797 2755 2597 1102 8775 2021 2659 
8268 2827 3917 9148 6989 4585 5483 5762 8866 6030 6188 8481 5078 8607 4664 9260 611 4914 6090 3730 
8261 4397 5133 1040 5945 3734 7103 9104 9618 4761 3796 6543 8632 392 3050 6700 2652 3996 2149 5708 
2925 7594 5702 4554 5968 2113 3116 763 5472 8672 9863 80 146 2773 2789 6822 4579 2111 748 2055 
992 2997 9395 9171 3122 1135 9245 8489 20 9874 3698 6718 6450 8250 699 4449 816 4927 1082 9749 
8372 8794 7956 797 2401 7345 988 5719 7729 4174 5230 5775 3789 4686 5364 9092 3804 4165 3128 4743 
7559 302 9255 3823 3157 2608 5038 7642 3800 6653 8020 9934 5842 4244 1236 6878 7189 7254 8917 2040 
3942 309 2663 971 3005 1513 5036 1365 1580 8236 5009 2763 4458 8741 536 3698 5178 8194 1332 7418 
7805 4238 2159 8586 2832 8498 6235 7030 1715 1112 3651 3357 7000 8618 9902 7023 1764 1865 6000 7996 
7429 7594 2620 3559 2592 3546 3977 3050 5958 7218 7472 99 3714 6390 3615 4556 5058 1624 3902 1817 
9199 6970 4940 3274 6730 3296 5524 1599 5621 7955 8034 779 5036 4673 8027 6946 2974 1138 7214 2172 
5196 1494 7718 4283 524 2506 3609 3289 3514 4474 7360 555 6188 5904 530 5810 2784 8826 6895 6032 
4821 9306 8055 2039 819 4071 2709 8653 136 6400 3243 1964 3327 4193 299 2278 4447 4286 8638 9685 
5677 8828 1701 5872 3183 4687 2923 2282 4143 9230 6403 9909 8344 6195 8226 3444 752 3374 6507 5774 
1937 1193 5284 1534 1573 150 8626 2486 2350 101 1701 3604 9680 7074 1970 4669 7132 7483 7609 6966 
6297 415 1410 7778 3201 4865 2841 1638 8357 8908 163 7880 7310 9280 7436 4677 9761 9371 4559 8465 
6894 1108 5761 6745 6118 9472 3994 7557 9126 6631 1793 666 3220 2048 7043 476 5397 9993 7551 1952 
7608 2803 3489 9295 4835 7482 6041 4230 6200 2723 9751 8106 5187 1870 8726 2170 5667 1082 1650 7533 
5602 8808 2839 7786 5123 8071 6327 1270 8023 3518 72 2711 6060 8761 9944 567 5731 1483 3309 9893 
2364 9074 8221 4902 896 1911 8919 8841 6907 9924 5085 8887 4868 3105 4367 233 186 1191 7636 4052 
3852 9781 8647 6543 181 897 380 2981 3907 6918 1534 2982 4355 1787 2422 9336 7178 3541 4762 6107 
3602 1971 5503 9945 8079 8006 5853 6716 6541 8852 5022 7978 3048 6082 5633 1468 2808 8446 8722 1324 
1367 5119 5102 9116 5519 3956 7701 9652 8469 601 9537 9555 3260 201 1725 4151 1768 2989 3396 9815 
112 7650 4088 637 2799 7784 3435 1697 9959 8278 2221 2401 7154 1435 3906 9853 9366 3120 3215 9102 
2276 1738 3073 5863 5022 8603 2363 6867 7651 5496 5882 9262 1768 1924 5094 7664 7476 4251 1911 1860 
4376 9484 9185 4630 7881 6318 4686 7531 3771 7299 2871 7979 7004 2697 9326 905 3291 3885 5307 5939 
1283 1595 7713 1236 5735 4576 3613 4407 8828 7568 7194 9991 5709 1316 2099 6913 2735 9115 9174 5419 
4531 513 2721 4958 8017 4093 4653 8622 5415 7668 6483 7962 5165 1067 4239 3871 163 7337 7472 7815 
4122 3851 1032 2190 140 3202 918 470 8314 9095 6398 3088 1968 3390 2162 395 9734 7256 4688 6793 
6870 2610 9431 6556 8932 4283 1046 8769 703 3395 8419 5778 547 3695 5317 7807 5705 8921 9183 759 
8748 3637 7450 4128 7831 9486 5101 9878 8672 7438 2731 6272 5900 4556 3338 5406 1294 1888 6763 5086 
5295 7586 203 9407 3099 4401 661 2636 5286 9343 2881 7098 4841 2025 3469 2861 4429 8581 1287 676 
755 3220 7684 3605 2013 503 3792 1411 8108 9789 8099 3276 3864 2586 8539 9103 6837 8500 2860 5483 
8024 7431 4017 1282 3910 3577 429 3404 2981 2039 1379 8440 5794 4206 9966 2397 414 4213 2670 8143 
5861 8711 8128 3149 7324 911 3032 8168 8167 6893 7181 7198 2036 53 6930 1203 1335 2182 1037 1249 
8803 6904 6517 1270 4610 2223 3213 1836 7457 2380 2759 359 1275 6482 9783 4439 4336 3734 3685 6556 
3186 4511 9470 9433 956 9229 2024 9954 112 4503 608 959 6779 3132 6354 8627 9542 1627 6660 5718 
1100 5598 3280 3277 9027 8401 2459 7084 889 1041 4775 2162 5885 3423 5201 8578 3686 6659 8600 6146 
356 3501 7227 3564 7057 247 6989 2194 2196 2295 8969 1342 7090 5425 6491 2919 193 3993 7474 9424 
1274 6725 1553 4011 4474 9408 3468 475 9717 6747 3333 1607 1272 6575 7891 2890 1162 4558 1835 7943 
9165 8071 6126 9849 5431 4359 1551 9449 1496 7373 8527 3417 2023 3254 7015 4877 7437 2199 5265 8313 
4958 3721 6916 6645 2127 1727 1514 2414 1976 2147 9807 4614 2168 6958 920 1019 4479 8262 4046 3333 
1645 8465 5478 9641 3460 3976 5150 3099 1372 2968 2245 6832 435 4673 5399 6337 414 3873 5221 7403 
6849 9595 1725 4340 5335 4065 6491 328 8015 5473 7244 6401 8467 7834 4074 1093 8806 7712 6009 4633 
7721 2645 588 7940 3257 1160 645 9790 7001 4602 3976 407 8216 8842 5114 5220 2319 1699 3211 4116 
4537 2699 4557 1120 3135 604 1696 8529 3599 6512 7388 8908 2120 2085 874 8872 2341 3072 64 2320 
1300 2877 8775 148 8161 469 4378 4154 4212 1400 5180 6194 2243 8682 7366 2887 7077 5754 941 1073 
5509 5581 5500 2199 3583 7642 3891 2833 4506 2014 3580 3308 3426 8511 1013 1063 4272 5838 9375 683 
1865 7590 8162 3383 1632 33 3931 8905 5848 9097 7331 136 4331 8252 6717 3870 5344 3064 7979 5699 
7228 2358 8941 1429 2728 916 9064 7060 4842 5770 8559 2969 5251 4094 3489 9783 9332 9315 7438 9002 
8526 684 4871 7659 8725 5007 2209 8373 1087 4100 5958 5202 6223 45 4376 2047 5065 1567 1843 6991 
769 3486 1326 1147 8293 5943 2589 3622 7667 22 550 3038 9464 9544 9373 3198 5159 8379 4351 9985 
7298 354 9815 5362 2519 2709 1361 1983 5642 1877 8361 5163 7755 8796 2223 4562 2500 1203 8297 2839 
3682 3661 1780 377 1933 6497 5161 4389 6981 949 2360 7077 8283 5269 3348 1510 1529 7427 5547 9015 
5999 5593 1439 8973 7899 9018 726 9220 1476 3750 1387 5951 2019 8204 4734 4064 5999 3353 9423 4372 
5827 8399 786 8182 1918 658 3375 6915 6199 860 4282 9837 9259 4719 2810 8057 3477 1386 2056 5348 
5176 7717 7525 3538 5500 2551 8360 1526 6403 5735 7235 9070 454 9327 753 8406 5233 6652 3374 4589 
6759 5122 3234 1797 5075 3741 9804 5027 8237 3010 6136 5286 5045 7459 268 1236 6848 2098 3573 6464 
4684 5789 7064 5896 7777 9975 7687 1419 837 8904 4995 8808 1708 6874 1240 7553 6347 2772 2490 1374 
7223 6788 4074 4206 7135 2853 8261 8073 1635 9505 1849 6321 8591 415 6820 6902 3352 9501 5467 8952 
369 9321 2691 5591 8234 7801 5328 9063 4822 7131 4024 2256 9656 5942 8195 8321 5978 1999 6578 3476 
2505 4808 9368 4589 3040 5746 505 6060 4751 5572 7038 466 663 7828 4466 1824 4693 3585 317 8122 
3881 1363 8058 5499 7507 7082 5942 9698 5625 68 392 1386 2726 7899 9351 456 1058 1722 7053 3693 
1802 4015 6054 331 2348 9420 5860 1573 4402 1576 3059 7054 2088 5107 3828 4084 3611 4726 5576 3029 
496 7320 6555 4111 8319 5886 8186 582 5338 4682 1778 6926 9725 1764 2151 7881 8468 9414 2637 2938 
5139 8832 3143 7848 3798 5292 9114 8254 8998 2461 1148 9007 8933 8929 9262 7751 9510 933 1636 3756 
1660 4519 1773 8099 5357 2774 9123 4976 5522 2357 1297 2917 7134 1567 3644 8731 3368 7349 63 5695 
5287 6499 4679 4243 9130 5600 7159 1829 6177 8516 3769 8493 4683 9156 6498 5680 7341 6296 7697 1026 
891 9006 8292 3736 9590 376 9286 7307 9122 992 2537 6745 2659 6827 6796 7797 3315 7899 185 6975 
1795 7919 4334 3518 9260 2517 6213 9369 1168 5552 9298 8245 3618 6964 713 4505 8399 1454 7354 5725 
3623 2305 2074 4977 7356 619 5519 1418 7142 1366 8679 6807 9488 2202 2374 3073 5059 5232 9002 4177 
3596 4977 780 9756 8749 4924 3926 9737 2397 6311 6955 2404 1948 5821 6328 2811 3128 7958 549 2868 
4357 1684 8455 5041 2940 4185 4645 3228 2115 8134 6709 1405 5557 7999 5683 7931 2445 8682 9597 3199 
5268 1110 3742 7556 9781 1128 9765 5194 9241 3344 6897 2970 1413 3354 8379 9635 7644 1776 3104 307 
7937 5550 1226 5761 925 3262 1850 3015 8777 4401 7155 7806 8825 5454 2038 8097 2341 9349 5302 1155 
2565 5869 5655 2893 8297 3947 152 255 9714 4724 7066 8552 6352 3257 6860 7745 6361 5969 4645 7251 
2691 8245 1181 5305 6526 7029 9720 3520 6785 5224 1039 1402 815 1648 5052 5298 3638 3628 1411 7387 
4100 7319 7272 7089 742 14 9665 8400 7950 3214 2057 5651 5600 1372 6557 3781 9065 1342 6038 3044 
3549 7174 276 1219 4332 1151 5124 2894 4399 1072 6686 2057 5893 1326 3677 705 9829 1743 3531 2980 
4447 3352 3513 636 4451 2231 9688 7766 5853 3549 2071 81 7516 4723 7449 354 8078 4317 6066 8132 
9850 7612 8862 4365 3609 3230 4206 7228 7041 1168 2432 7919 2736 7731 8825 9537 705 1532 5714 9823 
1278 5382 5996 6092 3667 9442 178 7130 5002 4222 458 5865 9049 9412 6599 877 7588 3465 4526 8727 
4191 8358 9426 4022 4357 9987 4366 5030 910 6271 3423 9206 5792 9693 3708 5527 4309 9608 8050 6033 
8677 9350 6336 8896 3680 4219 8732 9051 3882 2677 2433 8357 4131 2116 6278 2012 3426 5804 4091 1263 
6238 4659 1826 2925 7432 9973 5192 2744 1736 4728 351 3161 1762 8185 7657 7309 9812 9925 6403 3244 
7728 5492 556 1034 1505 7695 7264 6999 7515 2258 7669 5617 4692 9181 7009 249 5336 2212 2598 9187 
1518 1895 2284 2326 7525 9580 5865 8116 7705 2167 9455 324 6408 1195 5426 4347 8700 4539 1700 2601 
4261 2090 3455 4271 5796 544 8879 6910 54 1597 4889 5242 1227 2136 8252 6446 706 1793 9539 4090 
6899 9141 563 9815 6856 8399 2167 5050 4489 3051 534 1287 5651 3782 5998 1645 660 4353 8191 2735 
5845 6964 5254 6019 8036 7648 8356 2147 6029 6493 6091 8321 7589 8290 8101 3528 6419 2018 2848 3101 
699 8563 3674 724 3449 1291 8133 8239 2758 435 9830 5346 8009 2109 2272 1793 5261 8898 7225 4266 
9707 3188 8965 2560 9044 7378 1447 1484 1197 5194 9505 6808 2264 1752 9491 2694 4059 2285 9624 2218 
447 1243 953 7273 2214 3773 1132 9545 2506 3683 2541 983 4942 4026 9463 3976 1604 2970 318 9335 
939 3386 1772 7149 6369 4366 3175 719 1005 496 4044 4929 7490 4797 8906 8201 8721 2838 7661 4830 
3678 5110 4021 4942 3132 9156 3122 5711 7608 6942 4782 2765 3519 8133 7304 1586 3229 9512 6440 1204 
4019 2121 3828 8409 6132 3051 1438 9813 6028 5037 4295 7316 9550 2352 2085 6083 9064 9620 5452 3144 
7541 273 4827 818 1391 1105 566 4202 286 1979 556 585 3042 7146 5588 9396 8313 6572 9257 9283 
4829 4870 1567 5711 7373 3157 7104 8697 998 3519 9384 3943 9822 1352 6841 4313 3021 5921 7004 5338 
4521 8394 7205 7746 6124 1208 4417 1816 6596 7330 8303 1845 4087 7957 9640 7428 5856 1832 2684 5477 
4618 3481 187 1952 5816 7910 6124 3191 9951 3096 3821 389 7377 6602 6184 3394 9543 7783 4799 2120 
8778 2529 1540 6480 6478 8622 1847 213 7195 3453 3292 2267 6457 3623 6824 4040 4711 9824 1720 832 
9784 8172 718 1615 363 1230 4585 7407 3574 4428 5104 2153 319 5487 4108 3384 1494 3078 2735 7705 
1 25 9572 6158 2133 2411 9699 7138 9151 8249 5393 4472 8445 9312 4418 5468 3275 3883 5645 7722 
4125 8665 1403 7581 454 6589 2586 8320 1555 543 4468 8705 6455 9216 1527 644 6772 2315 385 9059 
8979 5622 3994 5426 128 1736 4222 3056 6869 5060 8949 8970 7328 7796 4849 3034 2612 3329 2084 1342 
5658 3742 571 387 5889 3973 9514 463 2937 5353 4085 2333 200 5643 5849 8931 3814 2568 5685 3296 
6268 1518 2200 2642 7284 2815 8392 7268 7436 5695 3916 3332 8861 2616 7895 7106 1651 1325 4866 6212 
8040 4491 7732 4534 9345 2362 528 6623 180 6979 43 9199 2340 1837 7977 7125 4875 976 9764 8685 
6596 1578 9223 6103 3906 2943 7821 1250 9808 7339 4673 1478 2917 931 9873 674 3059 6426 9124 1338 
5197 7583 6229 9682 2179 7300 172 3624 7035 3273 9319 5483 4606 3079 5882 7482 300 5481 2032 4296 
5852 5860 6204 3259 2580 903 6193 2083 8498 5949 9546 6312 2117 5935 4983 9788 8363 5575 7316 5711 
2615 576 8632 609 494 3641 1351 9955 3903 2712 1172 8006 5693 7995 71 8549 1786 233 8711 4671 
2721 6311 676 2236 272 4583 2035 4801 33 2539 1927 2062 2227 8327 2984 5124 3961 2437 1651 4420 
8447 5170 782 435 4901 9845 7494 7049 8186 8287 8727 8249 2773 1885 2375 3179 5906 5819 5023 1701 
4632 1236 2151 2696 8339 9892 9341 711 4899 9710 9794 9138 1200 7257 7409 6656 3064 2869 6445 3563 
423 5228 2502 9701 7458 1267 6103 4953 9696 7327 5951 988 9573 997 4025 7587 2172 8474 2555 8958 
4704 6537 4936 273 1511 4403 7410 6067 7212 608 5407 4751 3687 2291 807 7224 3579 6204 3400 586 
1020 6295 1029 8555 6460 8162 5090 5121 6256 7676 7172 5197 5539 8249 7337 4916 2423 658 516 7119 
1411 4521 8722 8280 2909 6202 9326 6645 1045 381 2029 8113 8796 7719 8776 9685 6992 2369 4148 3878 
3669 4288 3839 6280 4097 7811 7688 6529 20 9388 7035 504 2609 6053 6969 6331 5438 9428 96 2464 
8788 9193 6460 67 6355 2116 8185 4991 5078 2675 3204 1432 8590 8761 9405 4932 9661 8267 8603 4746 
8290 7235 3340 7890 9948 5111 9751 9740 2044 4581 5809 8141 8731 4917 4248 821 4773 7424 7870 9291 
6977 3854 950 1049 2463 9803 4468 8724 9373 2435 4116 308 3605 8349 1115 7346 7606 8548 7985 15 
6589 8176 9619 6641 1391 8148 2036 88 1062 6672 4459 9855 4135 9686 7741 958 7020 6538 8136 6701 
6034 7090 8649 7059 2145 6477 1114 7019 179 9392 6012 1176 4963 4075 7692 3871 6820 2059 9477 4291 
8459 648 1011 4751 9322 62 1871 5979 2905 2201 9404 9681 6771 9914 4796 7306 8571 1911 5407 1858 
7945 8910 2266 410 4452 1817 6560 5084 1773 8333 6288 4072 8054 1052 1866 2317 3710 8875 2047 4420 
571 9870 9412 1734 7746 6352 7058 2366 2229 9822 350 5881 3833 1315 2352 7482 2371 9918 2146 9578 
1279 7679 3575 5212 1453 5825 1285 8175 89 48 6576 5581 420 6076 2885 7344 8916 6407 2511 4707 
9205 8984 1690 2902 3818 7522 3634 6732 7013 9598 1846 6607 5486 4852 2895 5571 6659 361 1223 7816 
9580 2722 4984 5225 9818 7399 5170 5969 5788 643 7416 1629 2846 2824 6887 8333 9950 7087 5748 2420 
8684 5357 9217 4174 9149 2721 3228 1905 1468 7385 7364 8492 46 805 4825 6253 8400 1299 3871 3247 
2031 6009 9006 3248 9060 8034 8490 4848 5994 9199 3450 7349 349 447 5238 4316 49 1785 9330 9882 
9836 8118 9825 464 1633 860 8792 8157 2954 868 7841 9581 7329 5325 2280 2015 7515 1050 4854 901 
1938 3606 3751 500 4845 4600 6906 6939 862 5089 6933 3153 7768 1154 226 4711 3066 3419 4441 5324 
5196 46 4411 4431 1494 2258 9129 191 1256 7492 3679 8623 9337 3431 2561 3349 6031 428 7680 2721 
5495 5885 9576 8331 2178 6291 8969 2709 8733 8983 6096 5200 1819 9365 9522 8122 2065 4301 1781 2500 
4797 420 9242 5522 6484 1447 8314 3308 1239 191 4444 6450 5233 6096 1217 6188 6448 651 4301 95 
8269 8388 4657 5979 3785 9197 553 1921 870 1361 1167 6738 3472 8846 7035 8147 6166 3769 9704 6797 
3065 2053 3619 6720 8400 1182 6818 776 7188 5168 4271 1319 719 2325 9712 3346 8844 9067 2053 2936 
6779 7763 7709 9565 5844 1286 4804 613 7845 6066 8637 4027 6921 482 8248 5953 5367 7692 8849 50 
4052 660 6021 6435 8358 2654 4961 2281 5991 945 9705 1060 8354 806 7281 8360 9133 5232 1004 2268 
2418 837 9870 2475 764 3434 6128 5128 6955 8974 4336 2655 4404 3325 546 6167 4151 9092 9592 3187 
2206 5652 4361 2359 8112 9087 9344 7448 8527 592 5988 4812 5876 9911 2352 3825 580 4370 7966 4122 
4655 2631 3364 4451 4678 8061 6795 1813 2646 7691 2968 517 7621 8904 6202 3703 2216 7250 9439 3089 
6926 7290 9682 7610 2013 8956 3589 9729 2519 364 1990 6889 2360 9788 1778 8370 5663 266 4771 4387 
7079 8470 2567 4771 8241 1281 4367 4776 8943 4402 2080 2839 8575 6834 9417 697 5794 855 7490 4558 
8072 4109 6013 1307 3562 9872 1676 3199 1764 4519 3375 5748 6397 4714 9687 8753 4516 6900 2252 5788 
4473 6003 8840 2733 5701 5340 9518 1389 4838 4620 7114 7917 6843 1882 2167 1028 2889 7896 1527 3808 
6888 919 7378 6397 2957 7770 3950 4499 6532 2483 1798 3529 4745 4954 8715 5192 8227 2284 2004 7643 
3438 5184 9955 2386 612 9173 2742 9414 6504 8327 2310 7591 1614 9136 2656 9729 7434 6347 1918 6348 
9508 8659 5329 4051 5460 3451 6380 1228 5679 711 2816 8790 3758 1303 832 5489 6616 7699 6944 5495 
4396 3218 8687 4249 637 7397 7038 1060 6297 9424 3564 9154 8744 6249 7327 8156 30 8505 8145 5949 
7436 591 3493 1010 6858 7044 8260 6894 5897 2777 5097 7274 456 5980 3493 4361 4182 4730 2927 538 
14 4606 1100 8983 2996 2071 4583 5418 8378 2008 6733 8495 719 681 2151 4900 9013 8811 9381 2668 
